100
53
27 -6
0 -41
1 -29
-24 46
26 -21
0 33
-32 29
-39 37
17 20
-4 -30
-45 -39
-10 -13
-2 -25
18 6
-8 -2
-41 0
-8 -6
3 -31
-41 -8
-45 22
-48 -24
-37 37
-22 5
-38 37
18 -45
43 -30
0 31
15 -43
-49 -27
-45 23
9 31
26 -13
24 49
45 44
44 -3
-36 -22
-1 -14
-38 -29
-6 20
5 47
-23 -43
49 37
-13 -42
42 -15
-11 -31
35 -44
-44 -30
-50 -38
-23 -29
43 19
-39 -2
-29 7
-37 -28
10
-42 48
39 26
9 -5
-47 23
-17 39
7 27
-46 -23
4 -8
-4 -29
-27 -34
86
-49 -29
-12 -43
-14 38
-5 -23
-15 -43
-23 32
-38 -20
13 -32
-21 49
-45 -42
-40 18
-28 7
38 -19
43 -33
31 -9
43 -11
1 43
-32 19
39 43
-34 -30
-50 -12
28 -13
-23 21
40 -25
36 -11
-25 -33
-32 17
-12 34
47 -10
2 46
-29 28
-23 3
50 22
-26 44
30 12
13 -45
43 3
1 -47
-9 31
-46 27
-7 47
-6 35
29 -20
24 2
-33 -25
-22 31
12 27
-19 4
28 -24
-41 25
-9 -24
-36 -1
43 -16
-44 30
-27 29
49 26
44 35
-42 -11
6 24
-8 -7
-43 -35
43 25
35 -30
8 3
8 -23
22 -18
-30 -16
-31 -34
-13 35
0 -38
-25 41
40 -23
-21 -26
26 37
-20 30
-38 10
-21 -14
-19 19
-20 -40
39 17
-31 -15
-49 28
-10 -48
-33 46
-31 -37
-25 -43
74
50 -12
-32 12
-42 -35
-5 10
50 -16
6 -49
16 44
-46 47
-42 8
40 -13
-50 34
22 -20
33 -2
18 -35
-21 37
-6 42
18 -21
-27 11
-10 -8
27 -16
-7 19
-47 -28
-9 21
-12 25
23 8
-19 -20
5 35
42 -18
45 5
-33 14
-37 5
18 28
-48 -35
25 11
8 -35
25 10
16 -5
29 5
-27 23
40 3
-32 -44
-41 0
-13 -16
-24 0
36 48
-37 31
-9 8
21 21
40 32
-21 47
16 -32
-50 36
5 -8
37 -32
2 16
-20 9
-48 -43
-45 0
31 -23
-12 -2
47 -2
-7 -48
-31 -3
35 24
-16 -15
7 27
7 25
-37 13
33 -32
4 30
-18 38
25 -10
26 35
-31 13
31
47 -41
15 -47
-46 -28
43 36
5 22
24 25
-28 28
20 23
-25 21
18 -47
-36 -37
-28 40
-10 -28
-9 -24
26 29
-24 33
-17 -25
25 6
34 -29
1 30
9 -48
50 -45
11 -36
-6 23
26 30
-34 26
46 27
18 -16
-20 41
-4 44
-29 22
20
7 27
25 -37
-38 21
-39 -14
-20 33
23 13
-35 -3
-29 50
9 18
-12 -28
-1 -37
20 -7
-22 -5
12 -37
-21 27
28 -46
-25 -23
14 -30
41 -14
-7 -40
79
-28 -31
8 20
-8 7
-12 16
26 -35
-41 -13
-38 -5
23 -1
-36 10
16 31
-50 -31
39 47
37 -45
-12 -23
31 -22
-17 6
-23 -22
26 -49
48 21
-20 -2
-13 0
-7 39
18 -39
-27 -44
9 27
-24 -2
3 30
-40 7
-35 12
2 -36
-1 49
-43 30
-19 27
10 14
48 -49
-23 -4
1 48
-26 -6
-4 -40
-44 30
19 18
30 22
40 -38
23 48
38 -39
39 -6
18 19
-8 29
-14 46
23 -40
-45 -11
15 16
38 -35
-5 -2
25 -14
-37 -4
-46 -33
-15 -40
15 -5
20 -42
-7 29
-19 -19
14 7
13 -42
-31 -26
-44 39
-28 50
23 7
-49 -21
45 -36
-15 3
19 -10
-17 43
42 -37
31 26
-17 -15
-32 -35
46 0
-38 -46
63
-14 1
-49 49
-36 -37
-27 35
35 -5
25 -49
-18 -16
-7 -30
-34 35
-42 35
2 18
-8 31
14 47
12 -9
3 1
20 32
17 -49
11 1
29 -21
-41 31
-46 18
39 21
34 40
-29 22
-2 16
-46 22
46 -31
-39 30
30 -2
-33 34
26 30
-8 12
47 26
-25 -50
2 -9
0 -15
-47 -13
15 44
42 -2
-22 22
3 7
20 15
6 2
-13 -36
-22 41
-2 19
45 -48
-30 -36
4 1
-42 -1
-47 25
13 17
-47 -22
28 -47
-20 -8
25 26
-25 48
4 13
-45 -50
49 -13
-38 47
-22 -21
-15 -36
90
47 35
21 34
-50 40
-18 -39
20 -26
24 22
-23 -27
18 -7
38 -39
-8 33
-11 31
-44 8
49 -19
-47 28
-22 11
-9 -40
-19 -31
0 -7
50 -46
-10 -23
-16 -11
-9 29
4 22
49 -24
-1 -12
15 -20
-16 32
13 34
26 -16
-36 21
-43 40
-24 -24
-22 33
42 27
42 -23
-38 -29
-37 35
-3 -29
-31 40
-36 30
-27 45
-19 5
-31 48
37 -2
-49 -6
-33 -12
40 29
36 50
15 -13
-40 -9
21 23
37 31
-49 -29
30 -7
-46 7
46 33
-33 14
-46 30
-16 -36
-34 22
-1 9
41 7
12 -36
-36 -50
-42 3
-40 13
-47 43
42 -48
-43 -4
50 -21
14 10
-20 37
40 36
-46 45
-20 -1
-5 -5
-43 -40
37 -50
0 47
-42 -7
24 -38
-15 -46
35 -45
-8 15
43 -19
-25 18
-9 -45
-31 -47
-42 -35
-39 44
26
-10 32
0 -33
38 -37
7 -26
35 44
-46 -26
3 4
-19 20
10 1
21 -44
-28 40
25 11
-24 -40
5 -45
23 -32
-3 -31
-17 -45
28 27
-9 39
-12 -43
32 13
-38 -4
-16 6
47 31
36 -17
-15 -13
21
-31 23
36 10
-16 -42
17 -16
-13 -9
-35 -18
24 -49
33 37
-47 -9
39 -37
29 -19
-30 -12
41 40
4 18
13 1
-45 32
43 -3
-29 -11
-32 14
15 -44
-43 2
92
-39 14
-31 44
-41 48
-49 -44
7 6
-36 -7
13 -13
-48 -5
-50 -6
21 22
13 28
7 0
7 -32
31 -26
40 -24
-34 47
21 30
23 -24
7 31
-40 3
30 45
11 17
35 42
-8 1
-50 43
15 -19
34 -33
-21 -27
9 49
48 -49
-21 6
-26 -46
24 -44
-28 -26
-19 19
46 32
-39 47
8 -30
-11 19
-5 -1
-45 -11
-2 -4
27 -33
45 46
-16 36
3 34
-6 37
-44 26
28 -4
27 22
30 -36
-10 0
-49 -16
-48 -30
2 5
13 44
-10 39
-1 15
14 -32
-8 28
-20 24
32 -13
-49 48
50 2
-8 -6
-45 13
2 -8
36 -2
-50 6
-16 -50
29 17
37 -28
-45 -40
-6 -7
-21 49
21 33
-11 -32
-16 -20
46 -11
-1 -36
-46 3
-29 12
31 -22
32 12
41 19
-19 46
-7 27
-18 26
30 -5
-12 -25
-34 39
-24 -25
65
0 -12
44 -36
24 -47
33 -40
44 -23
20 -24
18 50
-49 -10
20 32
21 -5
-44 4
36 28
-4 37
-35 -31
39 32
-49 -42
9 -13
5 -25
-44 -14
46 43
-37 -2
-26 -4
-22 10
36 18
-32 9
43 -29
-45 3
-34 -15
-16 20
18 -31
-27 -2
50 6
16 -37
47 -23
-6 19
-13 38
19 -23
-42 -32
-50 -29
28 -45
5 -10
42 11
4 16
-20 -29
41 44
-46 15
47 3
12 -4
-31 1
36 -16
-12 -37
-4 17
-34 23
0 29
-39 -36
36 42
11 38
-9 50
-25 -33
-32 -24
28 -23
21 -24
-36 39
-39 6
-31 6
70
28 0
27 12
-40 14
-30 -16
-14 14
-34 -16
-17 -49
35 33
20 -10
-14 1
-17 -26
-48 -41
-50 43
39 -34
37 9
-40 -31
-27 33
14 -40
12 11
31 31
26 18
-35 26
-48 -30
-5 -24
-1 -34
1 44
-33 1
12 -48
24 -33
20 -32
-23 -48
31 7
-13 -43
28 6
-12 12
17 36
-13 -7
-10 -40
18 39
39 23
-3 43
3 27
-21 -44
5 -48
46 -1
-15 41
4 -4
-16 -46
45 -35
-41 -39
28 -26
-37 35
-46 -39
46 -40
50 22
-14 -23
41 -32
12 31
-7 -48
36 -35
6 36
11 -4
-9 -17
27 37
19 34
44 4
4 -40
-45 -22
-21 -47
26 -19
4
-21 -16
26 31
13 42
-6 -9
78
-40 -5
22 -4
18 -34
-21 19
-46 -2
-8 22
21 40
42 -28
20 8
7 7
-32 -47
7 34
-28 10
-8 -15
20 10
-26 3
-33 13
-22 -32
19 50
-20 38
11 -40
-40 35
28 48
36 43
-23 -40
-42 -44
-8 35
-33 -14
-27 -15
2 24
-38 22
21 -38
26 27
24 32
46 8
-32 25
-11 34
-12 -32
-18 -48
48 -29
23 2
-37 -23
-2 44
9 -37
-5 1
19 46
35 -21
-46 23
-6 31
-33 43
14 4
39 -29
33 -15
40 -20
24 -21
48 -8
18 12
-16 -7
23 -19
-6 -1
15 -7
35 4
23 -3
9 42
48 19
14 -40
-28 -31
23 -31
-16 37
-25 47
25 31
33 -39
-24 -6
47 -39
-26 25
-39 50
-4 30
46 -11
12
42 39
-14 45
-38 -14
37 -46
38 21
-46 19
-28 0
-3 36
-45 -39
-4 -9
29 47
-15 43
38
48 -43
32 -22
1 -8
4 -16
-16 5
45 -12
37 -31
-28 9
-21 49
-37 -18
43 -33
-23 -3
-41 -50
-24 -46
17 21
10 24
-34 -36
-21 12
-17 -10
-3 -43
26 -27
-25 -49
9 4
-14 -12
47 13
37 -3
-40 -17
11 -35
21 -21
-3 -49
37 -13
13 11
24 -21
34 13
-1 26
-19 7
-30 24
36 -2
99
45 -39
-39 -38
49 20
17 18
-43 21
-7 48
-43 -27
-17 -21
34 7
-36 5
41 38
45 -34
-18 37
42 33
46 27
-45 6
-41 45
-18 28
-46 39
-3 30
-13 44
12 45
11 4
-30 -50
38 -6
24 45
37 46
-18 -8
-1 12
-5 -33
22 -37
-30 48
24 31
-12 -41
23 -22
-33 -28
-6 1
12 22
47 8
-38 -32
14 -4
23 -34
42 0
40 37
-21 -14
-21 -49
28 37
-32 -22
-30 -3
-24 11
-7 32
-45 -21
1 22
-47 0
1 -27
-16 8
40 40
-45 41
22 -45
-22 -21
10 -17
22 -1
29 -29
19 30
32 19
29 16
29 -46
14 43
44 -47
-18 -27
26 30
-29 50
26 -30
2 15
48 29
47 34
-43 28
12 -42
-3 -27
-44 -34
3 38
-5 19
3 -18
-38 44
-32 -19
19 42
28 -41
40 34
47 3
-12 32
-45 30
23 -3
48 -43
-14 -49
5 27
47 24
36 -7
11 0
-34 -36
29
-3 -17
21 20
19 -13
4 21
-5 -20
-43 17
-14 -48
29 1
19 44
37 -36
-45 -11
0 27
-39 -10
-50 14
7 -36
-27 36
5 -3
48 2
28 -35
7 23
-3 -17
-42 -14
-20 46
-3 -2
-29 -11
39 -11
-33 20
18 -36
42 44
66
20 32
-14 -36
-19 -45
6 -49
-6 42
-7 -28
39 38
-29 -45
46 -28
-39 -17
13 -43
8 38
-12 -1
8 -24
-47 -44
2 39
-19 -37
-42 20
-4 -7
21 -38
43 48
21 41
25 30
1 -31
29 7
4 -21
2 -10
-7 9
14 -7
27 -25
26 -30
15 33
44 18
0 -23
36 -13
16 48
-50 39
-35 -27
-34 -16
39 -32
-32 -42
-42 -6
-6 -45
49 41
-11 -49
-32 26
-16 42
-13 7
-2 12
18 15
-35 -13
-32 -49
-2 19
41 34
-32 15
9 -47
45 0
-33 -6
47 -6
-32 -36
-19 28
39 8
-26 40
36 -34
-18 -16
-20 32
87
46 46
-29 44
-48 -16
12 -19
4 -37
30 -21
-41 -45
-12 16
5 -50
-23 25
-10 -35
38 40
44 -49
-21 7
49 31
1 33
-18 29
-12 -49
47 23
49 -29
-22 31
-32 43
-40 31
-21 2
34 12
19 38
-48 -47
30 45
10 16
35 43
-5 6
0 1
-33 -27
34 -7
-34 -50
-50 20
-50 -18
44 -21
26 31
25 32
-2 -34
47 6
44 -7
17 11
39 44
7 14
39 -7
43 13
-19 48
-35 22
-30 41
15 16
-29 13
-50 -1
-25 -48
-49 -23
44 30
-41 17
-15 25
-16 -43
-26 -33
27 20
-39 -7
19 34
-11 -26
8 -15
8 6
23 32
-44 -1
-1 -13
44 -7
-3 47
7 5
34 -11
-24 -27
30 50
-16 47
33 -32
-33 -31
33 -42
18 -33
-34 -15
17 -17
-22 42
-21 -46
12 -22
-24 35
87
-4 -20
-44 -32
-33 -7
-3 30
40 -40
-44 43
-37 25
-42 -10
-2 -29
-13 48
-10 -3
-7 -38
-12 -20
24 6
-45 -27
-6 -19
3 -10
43 -25
20 2
15 -15
0 7
38 -40
-18 -1
-31 -28
36 -50
-10 -42
-17 36
47 9
48 -36
-36 -35
-30 23
45 -11
12 40
24 34
32 47
37 -22
-48 -49
39 -5
9 -30
21 -20
-48 -17
49 -18
-21 32
-34 3
-15 -11
15 -23
18 24
20 37
40 -41
21 -13
-5 40
45 -20
28 -40
-48 45
10 40
-11 5
-30 -18
-35 33
0 10
-46 39
4 -42
10 29
-2 -29
-50 33
-16 41
37 24
16 -16
7 -44
-28 -6
-16 7
15 37
30 -18
27 -33
-29 -41
29 46
24 0
5 7
-26 17
40 -25
1 10
-48 4
16 -42
-26 -12
35 -39
50 -32
49 -28
-6 45
84
7 -30
-25 45
20 42
-44 23
33 -33
-30 26
-12 -17
3 47
-50 7
-4 -38
-31 -13
35 -8
21 -24
15 15
18 -48
30 4
21 35
-7 -25
-27 -48
-41 2
-16 -8
1 -19
-43 -14
-24 -14
-9 -3
-9 32
36 5
-3 49
-44 -25
1 -9
-5 -7
-28 26
25 5
-10 7
8 44
-1 -41
9 -37
-40 37
29 1
23 -41
-27 -3
24 46
-2 -49
33 -29
24 7
18 20
17 21
24 38
16 -15
-20 26
-8 -46
-8 -30
35 5
1 -44
-18 -40
-27 -33
39 10
25 -46
-16 26
-15 14
44 0
15 14
14 8
38 28
7 -49
28 -9
2 -46
15 -4
2 41
-35 34
-36 -37
37 3
23 -47
-44 -40
-45 25
-17 7
25 32
-8 31
-24 34
18 -13
-8 -8
-18 -26
39 41
21 -11
95
-9 -16
28 26
36 30
29 -14
32 -9
26 -4
37 1
12 -14
3 -47
-42 36
-49 -15
33 -49
8 -14
-10 -29
31 -43
20 44
-22 -3
23 14
34 -29
16 -41
32 -27
-34 0
50 -3
-46 -5
17 -49
16 12
-10 -40
-23 32
35 -10
47 13
10 -3
-35 21
0 43
-18 5
-18 18
47 11
-25 8
-40 6
9 -29
4 -29
28 0
-35 -48
-32 28
10 1
-20 -44
9 -5
20 -30
25 10
50 -30
2 32
-41 -37
-40 47
-3 -9
-6 -49
-30 34
-3 -19
-22 38
-12 -43
-24 -9
10 18
-16 48
-13 -24
-31 33
-5 8
30 -22
-25 -7
-36 -4
-42 -13
-2 -27
-24 41
29 4
15 -8
25 -36
-14 -14
-49 12
-31 -44
19 -49
-16 14
-34 -30
19 14
9 0
-49 -22
40 -36
-38 11
48 -3
50 -11
-18 -17
-1 36
10 -25
12 50
-38 -21
49 -9
-21 12
11 35
35 9
17
20 -46
11 -44
9 42
-43 28
5 17
15 -44
-16 -41
36 48
-45 30
-38 -25
-50 -24
-18 -11
11 -43
-25 7
-10 29
0 -28
9 -12
6
-5 -18
-50 5
30 -40
1 -17
33 43
-45 -43
48
-47 13
-19 33
14 -23
-27 -10
-48 -49
14 -1
37 -40
-30 -46
40 7
44 37
18 34
-13 -17
-28 -45
-25 12
9 -33
-20 -31
20 -31
-15 11
30 47
-50 -22
-20 10
-45 -13
4 -2
7 2
38 -12
-27 29
5 -30
-28 -8
-45 11
31 -18
39 -11
-9 12
36 15
23 47
3 -10
-32 27
32 46
30 35
-29 1
-32 41
28 -20
0 -31
7 -4
-39 4
43 -38
-31 25
2 48
-31 -8
65
47 -38
22 -20
-37 12
-3 31
-41 4
3 -27
45 -35
25 -47
37 41
-48 -29
20 16
19 -43
8 31
-18 -20
-37 31
-7 30
-27 -4
-37 -10
-32 30
-3 15
-21 -47
-44 1
32 33
-31 -37
-49 35
1 -38
-26 -30
11 29
39 -23
9 -44
-21 41
41 45
47 18
39 -21
35 28
8 -1
29 44
6 -23
-1 -15
16 -37
21 -7
-35 28
9 -24
-42 39
-12 36
-42 24
6 -36
40 -13
43 28
-16 4
8 0
36 6
-44 -41
42 -10
10 43
40 31
-43 34
1 18
46 45
-39 -13
12 7
37 -27
-6 -19
28 -14
-40 -20
16
-31 -37
-11 -38
30 33
-3 -28
27 -7
-14 -16
47 -25
19 -40
-21 -10
33 -2
30 38
23 0
31 -13
-18 -49
-12 -29
24 -40
83
43 -30
37 -7
29 -48
46 47
-5 -50
-24 44
35 -7
-22 -20
6 -48
-5 8
-28 7
-7 30
-29 17
29 21
-13 -14
44 -9
-34 4
35 -33
-27 -28
-15 45
10 9
27 -24
37 -30
12 -9
-3 -39
-16 47
-30 -27
-9 -5
-28 44
50 29
-39 0
24 14
27 -43
-44 6
-33 6
7 -49
-22 30
-12 16
8 29
20 15
-20 12
-15 26
-41 -32
41 28
21 -30
-41 -8
44 -44
16 17
50 35
2 14
-30 4
17 -32
-6 -49
20 16
-47 -35
-1 0
-24 36
-34 34
-15 30
28 -9
-1 -28
16 1
33 21
9 -15
16 -36
-38 -26
-40 -48
10 11
-34 -47
30 41
6 42
-14 -1
-36 22
-5 13
18 -24
23 -21
36 13
18 -23
30 -35
-20 -37
40 0
-38 6
33 -4
35
-18 -18
-5 34
-16 15
46 28
2 1
30 -27
11 23
16 -26
-12 -27
-26 -45
47 -25
-37 -3
-3 15
7 18
6 42
-14 -28
-3 -40
22 22
46 -19
26 7
35 -29
10 34
3 3
5 -45
-31 -3
37 39
46 6
39 48
-47 -34
45 12
-20 -21
1 -16
22 35
-11 33
-8 -34
78
-48 -18
-1 50
46 24
-39 16
-39 32
-42 -36
-39 44
-31 29
-50 -6
-3 16
36 19
8 -18
38 -8
-38 -39
-19 -18
36 -14
31 -44
-25 -29
27 -26
11 -18
4 -40
-5 -7
18 14
0 -26
-1 3
-21 -9
-15 29
-14 3
46 19
15 -48
8 5
-6 15
-16 24
-18 49
-39 46
21 -49
12 -8
39 3
35 27
-9 29
-10 34
23 -35
-13 1
45 -39
-12 -31
-25 -38
-15 -2
-18 28
25 13
-15 -18
25 -31
-49 45
26 -45
18 -41
19 -45
-2 19
33 -47
-40 -25
-46 -27
9 32
1 19
-13 35
27 4
19 -48
-26 14
40 -12
35 -38
40 47
21 -22
12 -5
-37 45
26 13
24 50
-46 35
32 42
-4 12
0 10
-44 40
56
27 31
21 41
20 24
6 30
-8 -21
-22 47
-1 8
26 -6
-10 -33
38 22
13 -45
-35 1
13 45
-7 13
37 43
5 11
2 -33
-19 14
0 -43
8 -18
21 -50
-40 -5
15 35
19 49
1 47
16 5
-2 7
2 -12
-10 -24
-34 -23
17 28
-28 -45
46 38
-50 -20
-1 32
4 -28
12 49
-30 18
-16 24
11 49
-31 -20
-10 -44
-15 14
7 33
24 -13
36 1
50 48
17 26
31 -40
11 1
-30 29
-7 48
8 -17
-46 49
-41 25
-21 41
49
27 -7
9 24
33 28
35 44
-42 -32
42 -15
-5 2
-37 -42
23 -16
-4 -3
27 43
43 6
22 -16
-13 43
-25 23
26 0
-32 -28
4 -34
28 50
-42 8
-12 1
-40 13
-38 -35
-39 28
-13 -1
1 4
-33 -33
-30 -10
-18 -12
16 17
31 2
44 -39
5 -40
19 41
46 30
23 10
-49 -7
31 -35
-14 9
-5 40
-35 42
-37 -20
-12 49
0 -49
37 -15
-38 -5
30 -43
15 -20
38 -4
95
-34 16
-29 -14
-28 18
3 23
42 -40
26 12
44 44
-19 -41
-20 -20
1 15
-12 -21
44 -8
-1 -40
44 37
11 46
-32 -23
43 -47
28 -18
-19 20
6 -5
47 -40
23 20
-24 -16
24 -19
-21 -46
-9 25
21 3
45 -13
-7 48
-28 34
-43 -50
-38 48
39 14
-3 -34
-44 32
-47 36
25 -28
-24 39
6 -47
30 22
34 30
-21 40
-45 -13
-5 -18
-34 19
18 -48
44 40
0 -16
3 -10
25 -35
17 -46
-26 34
-38 -45
44 23
-27 43
6 -36
-21 -8
-47 -22
19 16
27 34
-3 44
-21 8
-42 36
10 -7
41 -14
-2 22
18 3
-48 -2
25 18
-35 -4
42 0
29 27
-15 -48
24 39
-30 -10
3 -45
35 -16
32 -5
-4 11
-15 -10
11 -27
38 -5
-14 -49
-38 -2
21 5
-27 -47
46 30
-31 41
14 -46
37 -18
-21 -17
45 -22
30 4
-42 -46
-41 -43
87
-22 -11
-26 49
1 27
-27 20
-5 28
-24 -4
-27 2
10 47
9 -16
-31 47
50 -43
21 2
44 -4
18 -7
-45 -13
45 -38
-9 13
-44 37
44 -44
32 20
-28 11
-44 -31
-45 29
-43 -31
-38 -47
-33 26
49 14
11 -6
-43 5
-39 12
30 -16
-34 -16
-23 3
-40 -47
8 5
41 1
23 -34
-19 -34
30 -34
-48 48
-20 -10
13 -45
-26 -41
8 -25
27 -5
-46 2
48 -35
-14 -46
-42 43
2 -38
10 16
10 6
-29 -34
-1 38
4 -7
49 -34
19 -4
40 49
-40 25
45 5
2 35
-34 -13
-37 -30
-22 -39
-23 -45
-32 1
-6 -34
5 27
1 42
-29 2
27 39
13 -24
-4 21
13 -12
-7 18
34 31
-33 -36
-11 13
-39 7
26 12
12 -25
-37 -23
-21 1
27 47
-49 -50
-6 19
42 17
82
-50 3
24 27
-26 -36
8 39
50 -1
-33 -47
-18 -16
-39 -23
-13 6
18 -5
-8 -40
15 4
37 17
-46 19
-39 10
43 -29
40 -41
-32 6
26 8
44 -27
-21 50
-41 -46
-44 -11
12 -15
-17 18
5 -30
19 48
31 34
46 -7
33 1
-30 -27
-38 15
-16 4
20 26
18 -40
-4 34
-25 -25
33 -11
-45 24
-47 15
16 3
-33 46
-30 7
30 -1
-15 10
28 16
-1 18
47 -4
37 -33
-18 -22
50 -6
-16 -28
3 -23
-24 36
-24 44
8 8
0 -49
50 24
43 31
-3 3
49 -29
-41 -16
-12 24
43 -5
-8 27
-14 -32
16 2
35 -22
15 -15
9 19
44 -7
-20 18
43 -35
27 -1
-47 20
-10 -2
-17 -50
-20 -45
37 35
50 36
24 29
-22 5
41
39 -43
-30 21
4 -29
39 -37
-38 -6
2 -30
-21 4
27 11
-40 9
8 -23
50 14
24 -24
9 24
-24 -29
-50 39
-43 -4
-31 -30
-32 22
32 -33
12 33
-47 -35
1 -45
-27 -14
-12 25
-32 3
36 -6
-47 -24
-12 -38
-4 37
-11 -5
-29 -43
-22 -38
-7 39
-41 -9
-4 9
-2 -43
8 -12
-9 -38
-43 4
30 26
31 -18
4
10 38
15 -41
41 -26
-27 41
45
-46 33
6 -35
-5 -48
20 -7
-8 19
-9 50
-10 -14
-23 -38
21 -34
-39 -18
-45 -9
13 29
10 38
-40 -16
-25 10
-25 -38
10 -5
48 40
-24 -31
28 35
13 -12
39 0
13 31
41 42
4 -49
12 22
18 -3
-22 20
39 33
-35 -16
-2 47
2 42
-12 34
0 -41
-38 -15
10 38
-27 17
-47 -9
-22 -16
-47 47
-44 -8
-42 -38
-21 6
-14 -22
-19 -32
90
15 -38
6 36
38 -30
-18 7
28 -17
-14 6
24 38
17 -41
-19 33
28 15
-21 -7
35 -1
23 -7
9 -5
47 2
-48 33
30 16
35 -42
-3 -6
-20 11
21 -35
43 -50
-15 44
-7 -14
-1 -25
23 -6
42 -17
10 -5
6 -28
-27 36
40 -2
-9 -40
40 -18
29 -32
14 -12
9 -1
26 12
-26 17
1 -25
8 14
17 -43
-22 49
46 -38
-3 15
19 25
-46 0
11 22
-27 36
38 21
0 -41
-6 -8
25 5
37 -20
5 -50
14 35
8 -9
12 27
3 -8
-27 -39
-48 -26
-13 41
24 40
40 -5
19 -18
-16 -37
30 -39
48 12
0 4
-47 35
-38 -25
10 -46
-22 -2
-12 -3
47 -12
-14 24
50 37
1 -49
47 25
36 -41
13 -5
50 32
10 36
-19 43
-43 -3
10 45
-10 34
42 49
-49 14
21 -37
49 19
40
-2 40
8 46
34 -47
39 -26
-46 32
-19 25
-10 47
-49 50
-15 19
5 33
45 -47
14 4
-3 -32
-33 46
14 -36
34 -35
-23 38
3 4
3 32
-12 34
-37 -20
-4 -33
-40 34
50 -17
21 12
34 27
-8 -8
4 -20
13 -24
7 -6
9 -12
-1 24
12 50
-28 -32
4 15
6 -21
-6 -33
25 -45
38 9
-15 41
42
21 4
-2 -19
28 -29
25 1
21 39
-24 -37
2 13
-32 -37
-40 -9
-31 -34
-32 -19
39 25
43 12
-10 -12
20 31
-30 45
-3 -20
-47 -2
-9 32
-32 48
-25 20
19 -44
13 -33
41 9
24 -5
-34 -41
-47 29
27 34
-6 -20
-20 12
9 31
43 -40
16 -14
-9 -32
38 0
-14 39
29 -18
-25 3
42 42
-10 43
1 -12
47 50
22
-26 33
39 -33
41 24
13 47
17 -17
50 34
12 -47
32 -2
-37 -48
12 -27
18 -27
14 -17
26 13
50 32
43 -42
5 25
-25 37
-9 -15
2 45
17 -30
42 -38
-15 -46
45
28 33
-48 47
-44 -42
0 -21
-50 -16
-17 44
34 20
36 -37
-16 -9
-13 -44
30 -24
11 -42
-14 -34
22 3
-5 36
25 50
-31 31
-46 -37
-41 -38
35 23
36 4
48 -22
5 -40
-27 2
24 -8
-33 33
31 -31
35 27
43 21
-13 -11
23 -15
-42 -20
-13 3
16 37
-45 -11
12 -11
-39 -48
40 -10
-28 -26
10 -50
-18 -39
-22 -42
25 -3
42 -23
-32 4
78
22 -18
2 -4
-3 46
-33 -46
17 20
21 48
-15 6
0 40
4 -39
43 35
17 -41
41 16
24 33
38 49
7 -9
-22 -19
41 0
49 19
-15 6
-11 -3
-40 43
-9 -43
32 -39
12 11
-14 -37
18 33
34 -9
29 4
-48 50
-12 -7
41 -27
18 -36
16 -31
0 36
-18 48
-19 45
-37 -13
-2 25
42 4
-26 44
44 11
3 45
6 48
18 2
-31 49
-2 6
25 23
-18 -34
-45 -28
8 20
15 20
3 43
6 -6
14 16
-10 -3
-27 50
30 -29
-33 33
-11 2
35 46
-25 -46
28 -29
13 -48
37 -2
6 1
32 -15
-43 -35
-6 32
2 -8
-36 -38
15 43
-22 19
-19 -7
18 28
-47 -25
-33 14
50 -14
34 -2
49
42 -41
-32 -5
-47 -44
38 -44
-17 -27
4 37
16 17
-2 -41
11 40
9 13
14 14
6 45
-39 -37
-36 -29
8 -2
-45 32
25 -37
22 -36
-28 -31
-21 49
-9 -46
-13 29
43 31
46 46
-49 35
46 -48
-1 -12
1 28
-20 -13
31 36
50 1
24 -42
-29 -29
-24 14
-34 21
10 -4
-45 -2
-5 9
30 39
-40 -15
21 -15
2 27
-16 -15
-37 43
42 6
3 44
22 27
-24 -10
-26 16
23
-1 9
33 27
-12 2
24 8
11 49
-1 -32
2 12
-17 -20
-19 41
-12 -50
-29 -45
-24 32
-10 -48
-17 -46
0 -21
47 -13
-45 5
-19 7
-18 -33
34 4
-50 46
1 22
37 14
3
-40 -6
47 -41
44 7
7
39 35
4 30
-15 -28
-49 21
8 -47
-28 5
18 -34
16
43 0
20 -5
-6 -19
30 -50
5 30
22 22
29 -17
0 -26
-24 -30
-47 -40
-14 -41
4 23
11 -12
5 -33
6 -20
-27 0
15
12 3
-42 -47
34 32
38 27
-41 7
49 -36
4 5
2 2
-29 -4
1 -41
-17 10
27 23
39 5
30 -22
-33 -43
59
-47 1
-8 -10
41 -44
-3 -1
6 29
4 47
23 -15
-20 5
45 -11
11 -34
29 -16
-6 -1
-34 33
38 -43
-24 -14
27 9
-26 -33
38 -4
24 40
10 -13
35 29
15 22
22 -20
-14 -4
10 46
-36 -35
-16 -21
9 -16
-10 34
-1 -29
46 45
39 -31
44 43
-33 -45
7 -6
-14 -14
9 1
31 -2
-29 -10
-41 39
-47 27
10 34
5 31
-46 37
13 -30
-9 -34
-17 -19
-34 1
-50 25
24 -31
8 9
0 -14
5 -44
22 -40
24 48
-36 -45
-50 -47
-13 -26
-34 1
82
-36 44
31 -38
-4 2
-38 -8
-40 48
16 41
-16 40
-48 -5
50 -38
-12 33
29 35
11 -44
-44 38
42 -47
8 -9
3 -35
27 48
49 -17
45 42
-43 33
10 -25
22 36
-3 -9
4 5
47 -1
-32 -29
-27 -37
40 -5
16 -39
20 24
-10 17
-48 -50
-8 16
47 -7
29 47
30 28
-1 3
0 -22
-14 18
-11 28
25 -39
35 -48
-17 22
-2 25
-2 29
-20 -12
-11 -37
-38 -49
22 -44
-46 43
-50 26
37 14
-36 -17
-29 20
-6 -46
-15 -1
-11 -2
40 -4
2 31
44 16
27 47
11 -7
-2 -21
48 35
-25 14
30 -6
26 -37
-24 -47
-1 -29
8 -11
-6 25
-21 26
-12 36
-35 43
-37 -21
-14 5
37 -38
-38 -41
43 6
-31 -23
41 5
16 13
75
-5 11
-37 -49
-45 1
4 40
-40 -13
47 -47
24 46
5 -3
-26 -21
2 20
-3 -2
-36 31
20 7
-29 12
-43 28
16 -50
-44 -36
40 -17
-15 41
48 29
30 26
-20 46
-19 46
49 -24
21 -6
-37 -41
2 50
-31 -6
24 -49
-25 -33
14 -4
-19 22
-38 -24
-29 -12
-35 28
-16 39
-15 23
-15 -8
3 -39
49 3
-7 -18
50 33
4 22
17 39
4 -31
41 -43
43 31
47 20
38 32
5 47
-28 -29
-39 11
-18 -34
-17 -12
11 -1
-42 39
-50 -42
38 -43
0 32
-17 -42
17 17
-19 -31
15 -18
6 -23
-14 14
18 -45
31 1
-14 -38
-23 -30
-3 11
-24 -15
8 45
13 1
47 48
39 -48
62
14 44
28 -20
-19 10
-31 -16
-24 -8
-12 -29
-7 -11
-45 30
3 -41
28 -19
-49 25
-35 43
-32 -24
-2 -46
-42 -3
-16 34
7 -13
6 47
-8 15
16 -12
-38 -40
-9 48
19 -41
46 -19
48 -19
-3 -41
21 35
12 -34
-3 30
-31 -5
-16 -13
-42 32
32 -47
29 -5
-3 -20
-42 4
49 43
28 -24
-37 18
39 -1
-28 35
48 -49
23 -48
-24 4
5 -50
22 -50
20 -26
13 20
41 7
-49 38
35 -36
8 0
19 -3
30 34
8 -8
-22 26
-49 26
-4 -31
-47 30
18 -4
37 -29
-42 45
45
-27 -48
33 -38
32 -24
-23 -29
-6 30
23 -3
-39 27
49 47
42 -48
42 -32
-14 -49
-45 8
29 1
-21 7
20 -2
38 -22
40 26
-4 -27
16 -21
28 12
-39 -3
-47 18
11 -22
-42 20
17 19
-9 21
7 17
-29 7
3 3
19 33
37 -19
-36 6
-13 -38
25 -30
4 38
16 2
-8 16
-34 37
-33 44
20 -5
16 30
-33 50
-20 7
21 -7
34 -29
18
22 -11
-43 19
26 11
37 -45
-12 -47
-15 38
-7 -40
-6 -18
-12 47
-30 -29
-11 -34
29 29
47 45
25 47
28 -9
-11 6
37 -47
44 39
81
29 45
-39 8
31 19
13 -12
-22 -21
-27 13
-15 43
-25 -35
-42 -12
39 22
-18 37
-15 -14
22 4
35 22
-5 -36
-4 -23
-28 49
-12 14
3 -26
34 31
-9 -23
31 48
-14 17
-15 33
26 1
-17 18
-23 42
-35 3
15 33
10 -33
30 -49
48 11
-48 -6
-10 -2
43 10
-21 33
2 32
-17 19
18 -21
-19 -32
33 -22
-1 2
49 -2
-5 -50
-48 -41
42 -35
-32 -41
23 36
-40 9
-8 24
40 4
-17 -21
39 -24
-6 11
31 -38
34 -44
1 38
-45 15
-44 0
-19 -11
47 29
-35 -12
-9 2
-31 -3
36 -25
-22 -6
42 27
21 -3
41 -28
-9 -21
-2 -3
46 -26
-46 47
-13 23
-21 39
-22 -47
14 -42
23 -10
18 22
1 48
-28 -29
10
-8 6
-27 -16
-24 -16
-35 -34
8 15
32 47
-36 -7
15 -31
47 39
-11 -47
39
21 3
-25 -41
17 10
24 7
40 -1
41 -39
10 -28
-23 -15
38 -50
12 22
41 50
-50 39
37 -22
40 2
-42 -9
3 -41
6 -36
16 -37
-13 5
-17 -34
-37 -12
-18 -22
-35 30
18 23
-6 24
-31 21
-36 -8
-9 23
-38 29
-27 10
-23 7
-43 14
-8 32
19 16
-29 40
28 -1
-46 47
50 -49
-49 -23
26
11 49
34 -46
-41 -14
-35 48
2 6
-32 -45
37 -6
-27 -28
-23 35
15 -37
9 30
12 -22
-26 -17
24 0
6 41
-4 -42
4 -41
-25 -44
-19 2
-47 23
29 -4
-26 23
-47 -13
-24 -9
-28 -42
-5 -44
73
43 -39
-14 23
14 9
-36 0
-14 27
-45 -39
-1 -26
6 20
8 -38
-17 -30
2 -36
9 -24
47 -32
-49 -31
24 -39
32 27
7 -42
-14 46
-11 31
-4 -1
-30 -39
7 31
-15 -17
-10 -10
-31 -49
-7 -36
40 18
-4 -43
10 24
30 -3
-29 48
20 -23
16 23
33 -40
36 27
-35 -28
-18 -7
-36 22
-49 -36
9 -19
-26 -2
-46 27
-29 -38
-50 -45
-18 24
39 49
-48 8
-48 33
-13 37
34 38
22 23
41 -35
-18 14
-17 -23
-21 -5
-49 28
16 29
-1 44
3 42
-5 -26
24 6
-40 -41
12 16
41 20
11 -45
1 -48
-42 -37
-46 7
32 -29
-31 23
-8 -50
28 -24
-50 -8
77
-21 0
-35 -14
0 24
-45 14
40 6
34 5
-39 -17
-48 19
-10 -4
3 -49
-27 -23
-26 33
-17 31
24 37
-13 -22
1 -41
-41 -29
39 -11
-35 -22
4 27
-26 46
-48 -4
25 -50
-35 7
-38 43
1 27
-10 -47
50 30
30 -4
-27 30
-41 -39
9 -13
-46 -21
-29 -13
-40 16
14 -25
50 -3
9 -38
11 -18
-9 -11
9 -26
-14 -14
3 -18
-5 39
-26 -1
11 25
11 -7
42 19
-2 -33
-8 -47
49 41
9 -8
-48 -32
35 32
-7 -35
15 17
-33 -14
37 -30
-34 -39
16 -8
10 -1
-34 41
13 36
-21 -46
-49 21
42 26
-8 45
-7 -40
-29 -40
-18 -31
-33 37
-11 -39
26 36
9 4
43 33
36 -9
28 4
86
-18 -39
-26 -18
24 -12
-14 -26
29 -32
-14 36
-16 -13
-43 -20
-8 15
39 23
-14 -48
-39 -19
45 18
31 -4
15 -35
-47 -33
-10 -28
-2 38
46 36
38 34
-2 43
-37 5
47 -29
9 -6
35 28
-35 44
-41 10
-12 11
18 -12
-38 18
-26 29
47 3
-38 3
32 -7
9 0
-1 27
-12 22
-33 23
14 -23
-20 -15
50 -36
49 -28
38 33
-12 -37
1 30
-14 30
50 -36
19 26
26 -44
10 48
-47 -38
-49 -20
-27 29
11 -21
5 19
-42 48
31 -22
50 41
22 7
-13 38
33 -2
-37 2
36 44
15 42
-42 34
-7 5
5 -4
-38 13
-24 24
26 21
25 37
-45 41
25 -35
42 -29
-22 -24
4 17
49 -2
-28 -34
7 33
-4 46
25 6
33 9
-50 5
-36 22
40 1
-18 35
20
-19 -38
48 -5
13 -31
46 -22
-20 -36
14 -22
50 -2
25 -18
-8 36
11 6
-41 50
32 39
-10 -13
-14 4
47 25
-35 19
-20 25
-50 34
-47 -35
38 39
63
47 24
-16 5
-18 22
22 -20
-27 14
48 -49
20 13
-49 -8
36 46
-35 -15
-50 -5
11 -13
-11 2
-17 3
-14 -20
-11 35
3 38
45 -25
-33 -11
16 -31
-49 -30
36 40
-48 46
-5 -50
39 26
15 -1
-43 14
-22 -6
19 2
-19 -22
22 37
-44 24
-46 -31
-39 -7
7 14
13 -17
-40 47
-27 31
-12 -47
2 -11
49 -29
39 28
-43 -10
-6 46
27 -33
35 38
-17 42
-26 20
-44 -47
-14 -32
-36 -14
30 -6
7 48
-17 48
-8 -6
2 15
48 -11
-28 35
47 -18
29 -39
35 -30
11 -5
-36 -47
63
46 27
-34 9
-30 -26
-48 17
0 32
20 -32
27 31
6 -17
43 -15
-36 15
5 -9
26 -26
18 43
30 -46
30 -36
9 17
-7 21
14 39
-44 26
38 -2
-37 14
10 5
-30 44
39 -25
36 3
21 -33
7 -4
-7 9
48 38
29 27
-38 13
-19 43
-45 -7
-44 38
-9 -42
-45 49
43 10
4 -2
-7 -42
-22 44
43 -9
38 -44
-43 -25
-50 23
-6 29
-9 -12
-31 12
-12 -6
-43 -39
-29 24
-16 38
28 26
50 22
-36 -38
10 -2
27 -48
45 35
-20 -34
-30 44
-11 45
28 45
-29 25
31 28
66
40 11
-40 -11
44 -8
0 46
-21 -28
-49 -27
37 -13
-48 50
-35 6
44 -49
48 20
22 7
34 0
29 38
46 -16
-6 22
-34 5
9 -17
-48 -5
-40 0
-6 7
-27 40
40 -47
14 11
-46 -14
-47 33
-18 49
7 35
-28 17
-13 -36
0 29
30 -48
-19 42
-4 49
27 -25
34 32
-27 0
-21 22
-18 34
-9 38
-36 -6
-49 -19
-31 38
-4 -7
-27 -17
19 35
-1 4
-44 15
-11 47
22 32
-8 -32
40 12
17 24
-22 -7
14 26
29 -31
7 -18
32 -44
-40 -36
39 35
-2 -41
-43 17
-47 -46
-8 21
49 24
31 -16
55
22 6
43 36
35 34
31 24
0 25
13 -2
8 -8
-10 -2
40 22
34 31
41 13
-50 -2
28 41
-21 9
5 22
11 -4
-1 8
20 -27
-15 5
2 -6
14 -29
-22 25
-8 34
16 -38
19 -18
-49 -29
36 -26
24 -37
-15 2
-35 14
28 15
-45 38
-18 6
-1 -14
44 -18
-46 25
49 -9
6 -31
-23 -15
11 -4
39 30
-9 15
-8 -36
12 -7
25 11
-15 -4
-18 23
14 23
-22 30
48 13
-10 9
-42 29
-11 48
41 -28
-23 -33
13
7 -7
3 23
3 35
35 -1
46 49
-9 12
-39 34
21 -19
48 -43
40 -24
-36 -21
42 11
-42 -48
71
-30 19
-21 -13
-42 43
-32 -44
37 26
44 8
25 -11
-2 -34
47 -22
-9 34
-24 -38
-40 -34
35 -36
12 39
50 39
-38 21
33 45
35 27
-7 13
31 -34
-11 -3
43 27
44 28
-8 1
7 43
14 19
-9 42
15 18
13 -49
-48 33
-7 7
-18 33
-26 46
33 -34
-50 -2
31 42
24 -12
10 -28
-22 28
-17 -13
-25 19
9 -43
-7 -3
37 33
-15 11
-8 -44
-48 18
8 -9
-13 27
-29 -42
19 -2
41 -21
34 19
15 -47
42 -43
-9 26
-35 15
-49 43
-35 -44
-30 11
-36 -7
-9 9
-10 -4
-6 -5
24 6
-38 32
-16 2
-7 32
-50 -12
-44 -45
-19 45
57
-6 -36
-36 -9
-45 45
-20 -12
13 -5
-19 8
-37 -6
39 -33
30 0
-9 -5
13 -15
-34 -20
-35 -10
-25 41
30 -41
-33 -39
-33 19
37 -21
-19 -5
6 34
-38 -22
34 9
-16 18
13 44
16 13
38 -2
47 -22
-7 -39
-42 5
-12 -11
6 1
49 -13
-28 29
-6 9
42 -17
45 5
-13 -20
10 1
5 16
44 -44
27 27
-14 -38
-48 -27
14 -41
35 46
37 50
-50 3
36 40
21 17
42 9
-24 -41
-34 48
15 -8
50 18
22 35
39 -23
-38 -30
67
29 50
-40 -36
20 40
-6 33
-26 -41
-4 4
-42 9
-11 -9
-26 -49
-8 -37
-14 0
12 42
15 22
-6 -43
9 -7
-3 19
-30 0
42 -30
-39 -7
-17 48
-28 -35
43 -2
-18 23
-40 -14
44 -37
-22 39
-35 19
-8 -7
18 -3
-10 36
44 13
-13 27
34 1
48 27
48 -41
-26 12
27 -38
47 -36
6 -38
-9 -9
-3 6
-8 41
14 -36
-1 -5
-43 22
4 -4
-38 43
22 -35
22 43
27 43
-7 -21
-24 14
-37 -25
-10 9
21 25
8 -8
29 13
-23 36
-26 -1
39 -2
-18 19
-34 14
3 -29
-10 2
-16 9
-26 34
-6 3
41
13 -50
-48 24
-2 -26
-14 -19
30 30
41 48
42 4
-47 47
-4 38
43 -26
31 32
-29 -49
-9 -27
-50 9
-8 0
-40 -40
21 27
-32 23
10 20
-34 -40
-8 6
-42 -35
13 -48
-9 47
-23 -2
-45 14
-2 -5
21 38
-25 -14
-19 10
10 9
-46 -34
-45 -2
47 -15
36 -46
45 43
-12 16
2 -38
32 4
43 -48
-2 -48
84
39 -46
44 -18
21 43
-3 11
32 12
26 24
45 32
-7 37
-39 46
-37 41
-24 -18
36 11
11 -32
4 -1
48 -13
-21 -38
33 20
45 -48
-45 -48
-22 -34
39 46
21 -46
4 -19
-43 38
49 -30
-32 -7
13 9
-13 10
17 0
25 -36
-50 48
13 38
-6 20
-50 48
-26 47
-25 24
49 47
-12 49
0 -44
-13 -1
-19 -17
-14 50
24 39
-16 36
-33 -30
-42 30
19 -21
-14 42
-46 -23
31 -38
-10 14
-34 2
20 21
-36 -30
-26 31
37 41
46 48
40 -49
18 -19
-13 50
-19 20
2 -4
7 25
16 -8
-15 34
-18 -7
-48 -29
25 -27
9 9
14 -48
4 -50
4 -35
-5 26
-12 -49
31 16
-9 -1
-46 -1
32 26
1 38
26 3
-48 1
41 -32
-23 49
9 -3
67
-24 24
16 14
15 -17
34 -33
-11 27
15 -50
38 16
41 -33
-33 26
34 23
-45 31
28 -31
37 15
-21 0
31 -50
-39 8
-30 13
-38 -9
-25 11
30 -28
-2 -32
-38 17
13 6
25 6
50 -41
-2 -32
3 7
-24 41
-36 2
46 11
-27 -31
-23 -8
47 27
5 23
-36 13
-22 33
-46 -35
45 -22
-13 50
-1 39
46 -31
19 -50
19 7
36 -39
8 -24
-20 3
-33 -33
16 -39
12 10
-7 6
-40 -27
-35 -1
26 7
19 -50
-25 29
40 30
29 -1
3 36
-27 0
0 36
49 -34
39 -27
11 -32
24 -33
-7 13
-33 50
18 48
99
-30 29
46 46
-13 -8
29 36
-42 4
-7 37
-6 -22
-7 -5
-13 -12
-36 -2
-33 30
47 -3
29 30
-22 -50
13 -27
-42 7
9 -50
5 6
6 -15
-44 4
8 29
33 1
-36 39
-47 -42
-42 -23
-42 -37
-21 -45
-31 -40
-34 -22
23 -35
-10 -1
43 2
-2 -47
-26 -38
-7 -13
8 -13
33 -31
-41 -9
24 45
-42 42
-1 -46
-39 33
-2 -33
25 50
-22 -14
42 13
-11 -50
-31 40
-16 2
0 8
33 -39
-50 11
-46 29
12 22
12 -16
-33 3
26 47
20 -5
17 -36
-44 39
0 47
37 -43
-36 -36
0 0
21 12
40 20
28 -50
-31 -13
-2 17
2 41
49 -3
-10 -19
-40 -45
48 -40
38 29
27 14
50 -50
-43 -40
-38 1
32 50
-29 -9
24 15
20 8
42 4
39 -2
-8 -29
22 33
32 39
4 10
-20 35
9 -24
16 2
19 -29
-26 40
7 50
-30 -48
16 -49
-24 -38
-3 -21
76
-31 8
-36 -21
-4 -12
-28 45
14 -15
35 27
50 15
-20 42
20 31
28 46
-2 36
9 24
-33 18
-8 11
-17 -20
-4 18
17 27
-19 -22
43 -30
29 -1
47 13
44 27
7 -49
-47 17
32 21
-25 5
-37 -34
38 21
11 22
9 -16
14 45
4 -22
-6 7
49 27
-48 8
-31 -19
0 22
34 -11
-2 -12
47 -29
-37 -17
21 18
9 -43
-48 -31
49 -29
38 6
-6 -16
-34 -6
-50 -27
-6 4
-45 -49
-30 -6
14 3
-15 46
-35 -7
22 4
34 -23
-50 31
-47 45
-2 46
44 -49
-42 4
11 -42
16 -8
11 16
10 20
-1 36
38 9
-22 0
-22 12
42 -36
-49 48
4 -47
-13 -35
49 -41
32 -13
83
-14 -25
-27 -30
12 -7
10 -1
22 -26
-46 -16
7 -27
32 -37
-12 34
-40 -33
-33 23
-40 -28
-9 19
8 -16
-17 -37
45 38
-48 1
42 -23
45 -4
34 26
17 -36
-40 -9
-39 -25
4 -43
-48 -9
-32 46
-7 34
17 26
-7 -4
11 -35
0 -17
-19 46
19 46
11 -31
-14 32
50 -11
11 -21
29 -20
2 -8
-17 -23
4 -26
30 -40
17 -7
-49 10
-14 -28
42 21
-33 36
-26 -23
28 24
-42 -17
4 -41
-25 26
23 25
41 18
-15 -27
-47 33
44 49
-1 26
12 30
-45 -14
-49 -15
-6 17
22 42
39 -2
-12 49
47 25
-34 4
44 -16
-22 20
-36 -41
16 2
39 -50
34 21
-30 5
-33 47
35 3
39 -11
38 14
-32 -24
42 -18
-50 -13
19 -7
41 38
39
-35 30
32 -34
42 27
-23 33
28 9
-27 -32
35 36
2 26
-36 -5
27 -23
15 -5
-12 -20
30 47
38 -38
-50 -20
-7 23
-29 45
13 -38
50 24
-42 -9
38 -44
-40 8
-13 5
1 31
40 37
15 -23
31 -22
9 10
-2 46
-36 -35
43 40
-20 -43
8 24
12 -29
-25 -46
19 -23
-13 -2
-48 23
41 20
16
-3 -27
35 -20
39 21
-50 -44
16 -47
26 -44
-45 -39
-6 33
15 -42
-46 23
6 3
-30 4
40 6
-26 -31
-14 20
45 47
11
-20 -5
8 12
26 47
-27 49
18 50
-42 -49
33 42
14 12
-12 -31
-13 34
6 -50
45
-36 20
28 -47
-28 25
-34 -12
-49 -4
6 41
-27 -30
-37 41
7 -37
3 7
-47 -3
8 -49
42 -17
-1 8
-42 -28
50 19
-40 -14
40 43
-4 -44
26 2
-21 24
39 32
-29 -25
32 40
-27 -22
-50 -27
17 5
-1 -22
9 -30
48 -10
-33 26
2 -9
38 40
9 6
-28 -3
13 -40
-47 -45
-45 -44
-14 6
50 -31
-50 31
41 16
27 -42
-35 20
19 0
43
14 13
47 10
-9 -43
-38 -40
47 27
-28 32
-42 31
24 3
39 30
26 32
-42 34
-18 43
-11 41
32 -43
-29 -24
-3 -26
-39 -7
-4 -43
-42 33
16 -34
46 -11
22 29
-29 17
26 -2
18 5
31 -29
12 2
-19 -10
8 21
11 50
-27 -18
5 -1
36 -7
35 13
39 22
40 -42
2 -13
-29 32
36 -5
-6 -22
28 -31
-34 0
38 -45
7
18 18
8 21
-12 2
36 19
28 47
-23 -27
-3 -50
55
12 39
29 -22
16 -30
47 43
-21 -46
35 -46
33 -20
-30 -42
-36 -27
44 47
11 -30
38 -39
-20 -3
-17 31
-46 32
8 -11
50 30
2 11
-5 4
-21 -23
5 20
44 20
-21 -2
33 -36
-21 -49
-34 6
-46 -2
-41 -8
-1 30
29 -4
-26 -47
9 9
-26 -31
2 -25
-31 27
36 -20
50 -8
-29 -11
19 -19
4 -30
-18 -30
39 19
-7 -32
-47 27
-29 -34
40 49
-20 -41
-26 20
2 45
-47 -44
16 -7
-10 40
-3 45
30 -14
-45 37
84
-40 43
30 -42
-19 30
13 -50
39 -38
16 -41
9 -40
7 -21
30 16
-15 -43
-18 47
13 -47
41 -41
4 0
2 7
-6 -1
38 -14
-39 -9
38 31
9 44
34 33
-48 -21
41 -31
0 31
37 -16
46 25
43 -25
8 -31
-7 -36
43 11
1 -50
17 -45
29 -36
2 -50
9 -31
25 -24
22 -21
-41 -41
-30 -46
24 -6
16 31
20 0
34 14
-42 -16
23 -45
-44 -42
49 -28
46 -49
-16 -12
26 -7
43 41
-18 24
-23 38
-41 11
-34 -14
16 6
-42 17
-19 -23
-38 32
10 -35
34 6
33 -19
6 -18
4 -17
-47 35
9 -7
-17 10
-7 4
46 40
-36 26
-36 -41
10 -41
44 36
-49 10
-40 23
45 22
16 14
-25 -47
9 -42
48 -5
22 19
-29 40
-40 15
-47 -36
37
47 -11
-14 -50
-50 45
-31 -46
-2 10
2 -24
-38 25
24 -5
40 31
-30 -38
0 -20
23 -26
-26 -10
31 30
37 -39
-3 -47
12 24
35 24
9 7
24 -21
26 -49
-22 22
-23 35
27 -28
-43 27
-25 48
39 -19
-11 -21
-11 44
-17 21
26 -44
-34 17
-16 35
26 -40
3 -38
-44 -41
-17 -50
47
-14 2
17 -21
-22 -29
-16 44
36 -34
-3 12
-37 11
-15 -23
33 -35
-31 -47
34 -16
27 7
-10 8
-19 -41
-32 49
-36 16
48 39
22 44
-50 35
35 -36
34 8
-2 39
32 -25
36 -3
40 44
7 32
11 -33
8 18
2 9
41 -5
4 46
-29 -37
2 -2
0 -38
-20 20
21 -44
-46 -18
26 27
46 44
23 50
38 -3
-3 -22
-36 -12
-21 48
-14 47
-26 39
5 0
24
-24 19
-47 -41
-32 48
6 41
11 10
-33 4
16 15
-14 -21
-22 -3
15 36
-11 12
27 -35
50 -3
44 14
-8 -15
-10 10
3 2
-48 -47
46 39
17 -42
28 17
30 -40
20 21
43 -11
32
7 36
48 42
22 -19
-3 6
2 13
-34 40
36 -15
48 -34
35 -22
3 -11
-9 2
36 10
12 5
3 4
13 37
-22 -4
16 28
-29 -44
32 41
-11 21
36 -8
18 -41
5 -15
-37 -30
-11 -4
9 -15
35 19
35 -26
-6 -18
-3 -40
37 -12
30 22
17
-46 3
-28 38
-27 -31
-43 -9
12 13
35 47
23 -25
-27 -50
-16 -19
15 -36
-22 22
35 9
37 -44
-1 26
13 39
-36 -49
-15 -35
95
-32 -10
37 -27
49 -48
4 14
-1 2
30 3
-6 6
-20 41
24 19
-30 25
32 9
29 23
41 -11
-40 7
-41 -24
-17 15
-16 4
-13 4
26 37
41 18
-47 41
-37 -18
49 -34
-34 -8
-37 1
-46 -7
-45 -41
-9 47
33 1
13 -32
48 27
13 -45
-3 23
20 14
34 36
-45 -4
17 -10
-45 -23
-34 -40
12 -22
-13 10
-24 -27
-39 -25
21 -30
-47 38
-50 3
-42 -24
-23 -7
-44 -38
-32 41
-34 -12
-27 19
1 48
11 -22
-30 1
45 18
17 32
-50 -6
46 39
21 -33
-37 38
-6 -25
43 -31
38 -24
-27 10
-25 50
-43 -21
-37 -46
-12 46
-27 39
-37 12
-41 -15
22 16
-38 -41
-8 3
8 -1
21 40
14 42
9 -9
-36 16
3 -1
0 25
-1 46
-41 1
10 -46
3 -13
-49 -41
-20 -17
23 -41
28 32
12 -40
13 -22
-1 8
-42 -7
-24 -36
19
8 11
47 -22
25 21
13 -25
-6 16
21 -38
45 -29
37 34
-34 -45
30 38
2 -11
-22 40
-45 -40
-17 24
-44 -38
-47 -19
30 15
-43 5
-39 -34
30
-11 41
36 -44
17 -31
42 2
-31 44
-3 -5
-24 25
26 40
41 7
1 -33
-23 15
20 -9
10 -22
-15 -35
-40 41
-6 -40
-35 -3
11 41
32 -8
-37 -13
36 0
-11 -8
43 39
41 13
-6 -41
-42 -18
44 -7
6 -2
31 -47
-32 18
22
25 31
31 39
28 2
-14 2
-33 -27
-19 -3
0 -3
-39 38
40 -7
15 48
-48 49
-25 -3
33 -32
32 37
22 32
-28 34
8 -44
48 -48
-28 -35
40 -36
-21 -27
33 45
78
-43 36
4 25
27 16
5 5
-29 4
-3 15
11 43
-5 -34
21 9
-29 44
8 39
-47 22
-19 -2
11 37
-30 -11
-35 41
17 -15
35 -11
-17 -11
-30 -34
38 -32
-8 -18
44 23
-13 -27
12 -49
14 -1
-44 -2
49 33
-19 -26
14 -37
-28 38
-43 -45
12 11
-5 -48
-14 -29
42 38
32 -9
-35 -27
48 -49
2 -11
19 44
-17 -19
-49 45
-5 -32
-42 14
13 41
40 6
34 -3
29 11
-1 19
-14 47
15 -43
-49 -41
-50 -16
-8 22
48 30
10 -37
13 6
-34 -37
-26 16
48 9
-16 -34
-19 -20
27 3
-21 47
45 41
1 20
47 -17
-35 14
34 -21
10 9
33 -35
-16 49
-32 -36
1 -5
-49 -34
49 40
45 39
17
48 13
-18 8
1 37
31 -35
28 40
29 44
-50 37
-26 -36
-29 7
11 36
17 -9
-42 24
-31 -50
-34 3
-24 -42
-26 -17
-33 -27
