100
16
-4861 4679
-1992 8329
-7177 7482
-6247 2360
-2206 1605
-9927 462
-6948 47
-8641 2049
-7024 6005
-3073 1525
-248 2658
-1856 7375
-2819 4886
-5475 9029
-5068 4172
-802 4203
52
-4391 6447
-8989 6947
-7170 2124
-5381 753
-5743 8409
-5719 3314
-7842 2748
-9889 3369
-7966 2740
-9561 7421
-7974 8152
-1123 6663
-3187 7493
-8802 7393
-1649 7309
-6014 922
-6232 1468
-3358 9830
-9193 3306
-4346 6871
-7188 9379
-4835 6654
-4694 7383
-6360 3284
-6830 8716
-1382 3436
-6379 1104
-7720 6436
-6828 8847
-6601 3680
-7420 8053
-788 649
-3080 3820
-6226 6122
-4597 3322
-973 756
-3821 1489
-6024 3518
-7643 6385
-3030 9688
-8323 3515
-1736 8037
-3450 3426
-2295 2266
-7858 9538
-5899 3219
-9869 7771
-5216 6326
-3171 529
-775 7106
-9727 5332
-6696 5024
76
-9515 8493
-6229 9917
-2286 2271
-9298 5439
-7781 49
-3518 6196
-344 9642
-9757 7240
-1432 4023
-6910 3899
-7163 3196
-5943 5623
-7662 8625
-567 7145
-8584 876
-8760 8812
-4272 8631
-9573 3863
-8896 7599
-8736 9993
-7481 1233
-4714 8165
-1285 1974
-4887 4927
-2097 8057
-7581 3987
-4967 9918
-6648 182
-7175 1134
-5143 9529
-7248 5952
-2068 5917
-9533 3057
-778 645
-5057 8127
-2103 5713
-5628 5899
-6790 9146
-2032 7881
-1541 3473
-7878 5224
-1641 8077
-220 8642
-8032 3065
-306 9072
-1658 4203
-8135 5981
-892 1580
-6863 1583
-5749 2603
-6712 7535
-3924 6703
-5866 8777
-8517 5897
-7311 6084
-4342 7556
-6092 1243
-7100 9530
-1520 8195
-5870 191
-6114 7204
-7969 3748
-4682 2879
-5574 1330
-9115 9977
-6796 2889
-102 3157
-6837 1286
-3708 5253
-1308 5061
-9272 5290
-6508 4464
-2164 6471
-8514 947
-3637 1029
-1754 2099
14
-1236 9922
-7994 346
-8199 4396
-3407 6162
-7278 6296
-7532 5612
-6818 5677
-6603 2124
-9166 6316
-312 7014
-3324 568
-2664 224
-1183 4134
-1308 4840
89
-5648 1842
-3024 8889
-2390 2068
-9950 6520
-4371 5782
-106 2696
-7126 4389
-9159 6275
-9120 2976
-9518 8240
-4191 8814
-3388 2674
-8882 1079
-4690 5985
-7206 8112
-6924 6352
-6989 6959
-1043 9285
-7382 3019
-6950 2098
-8044 714
-2460 1587
-3305 6848
-2846 9748
-9146 3427
-142 2758
-6812 8321
-3660 7345
-9710 7868
-7997 1601
-5604 5828
-4118 6354
-6931 5658
-2905 4246
-6567 1007
-6438 5396
-6415 338
-1056 9418
-8854 5150
-9921 5648
-3212 7269
-5872 7145
-6744 2481
-2456 8958
-840 1922
-5779 5398
-5423 5479
-7548 5027
-5485 3399
-8162 7254
-2861 6847
-7598 4209
-9967 1379
-5045 134
-9796 1401
-6040 9039
-550 6779
-5464 1048
-422 6201
-6110 6407
-4322 7660
-2330 1061
-6557 9979
-7738 2152
-6779 609
-4417 3476
-9562 4388
-2844 4871
-1779 6934
-10 3780
-5435 1369
-2252 1460
-9161 735
-5482 3118
-7920 8064
-6194 9282
-8298 1655
-9082 6423
-5268 7322
-7613 922
-4303 3969
-6112 3644
-9412 5798
-7017 954
-4473 1173
-4495 1398
-5750 8349
-4950 3107
-4398 677
88
-6381 8058
-6287 4013
-8106 8011
-7670 1723
-3222 2207
-3476 3101
-8163 3970
-7355 2145
-1212 9457
-1065 5519
-9100 822
-2945 1013
-255 9962
-7954 3426
-8483 5111
-954 7071
-6100 5039
-8998 7785
-9586 2106
-6102 2159
-1800 4712
-5998 4724
-879 4670
-5028 8696
-9461 4698
-158 2459
-8562 2532
-2383 7330
-4291 9445
-471 7761
-1957 691
-9695 5298
-4452 98
-6644 2185
-7174 1593
-6163 6072
-4915 1180
-1636 8809
-2688 8362
-6199 4158
-1002 5452
-8325 4710
-8818 9041
-4061 6977
-244 9358
-9799 966
-357 6546
-6264 9899
-3628 3640
-1328 954
-7234 5956
-968 5025
-1897 226
-5930 2000
-3458 6843
-2386 9507
-7297 4151
-3198 5452
-6685 160
-3847 7463
-8905 9335
-2591 5012
-2731 5972
-1667 5263
-6819 8565
-6549 7074
-4406 2172
-8237 1860
-2880 4677
-6694 6822
-136 7857
-433 7966
-1187 4809
-2570 2114
-917 3984
-2804 939
-7688 3392
-7599 9117
-9349 2268
-4801 9998
-3755 6661
-3939 1066
-4676 5884
-9764 7567
-7890 6253
-6091 1604
-2018 9168
-7024 265
9
-6571 9393
-3739 9999
-1237 8531
-9657 7071
-182 3093
-8815 2746
-7395 1572
-9437 2902
-1834 7646
32
-5125 5749
-452 5232
-8781 477
-5914 5848
-9850 7435
-2533 1938
-6308 6861
-4127 8368
-3045 761
-3483 3940
-6580 2356
-9055 4168
-5970 8822
-4233 9383
-7288 9640
-1672 5510
-3234 3853
-2206 9052
-5469 2220
-7957 3893
-8104 7353
-3307 3996
-2001 1908
-4265 999
-4799 8802
-9208 8650
-1558 9688
-4052 8337
-9040 2714
-4347 4146
-3425 8951
-88 6284
13
-666 9806
-9383 6460
-994 215
-1356 7381
-9636 6442
-1395 3586
-3145 4369
-9280 360
-3674 4204
-1177 7192
-3622 3082
-2768 2986
-7008 1017
77
-7239 5094
-5429 4739
-4874 4013
-2909 3524
-5618 7510
-1552 8736
-8846 628
-3649 9759
-8890 2870
-4767 8932
-7811 1757
-4521 9376
-471 9017
-20 7559
-913 5371
-3985 6456
-7565 466
-6713 4682
-952 4917
-920 82
-2830 4695
-3388 5043
-9617 4586
-7174 7789
-7988 1858
-8275 6406
-5114 8637
-5721 1244
-8547 9472
-5987 6064
-4284 4227
-9634 9924
-4817 9419
-4058 7307
-126 7798
-6569 2072
-8983 2397
-3655 4958
-6567 1552
-1602 2600
-8380 6888
-2657 4991
-9066 8077
-3645 2120
-9112 8977
-1635 4564
-9392 1957
-1885 2699
-4395 5080
-2365 1008
-7907 1074
-1931 399
-4279 7953
-5999 7110
-5191 8552
-7029 5215
-4275 9506
-2510 6650
-5418 6040
-4335 3613
-5764 2015
-2830 8461
-3885 5311
-3536 2381
-6020 1248
-7517 8035
-8424 5966
-6418 8181
-4735 7895
-6505 8152
-1566 5823
-3791 5063
-7757 3003
-3792 6383
-6393 8204
-8072 4408
-2630 6162
42
-6645 1278
-5654 8788
-3546 9099
-7496 5613
-3445 3492
-2132 8771
-649 6061
-4204 1675
-9051 5928
-117 7077
-7685 6501
-1937 1958
-628 2340
-7335 463
-7700 1556
-4208 9703
-1480 848
-4901 5009
-4893 4293
-119 4053
-9542 9070
-1807 6758
-4867 4110
-9058 2999
-7192 7161
-8683 786
-6349 6532
-415 2207
-8539 8345
-4204 1150
-1270 3923
-4408 4955
-4065 6441
-6187 8640
-4618 271
-4291 9636
-1893 8681
-8018 571
-9749 5087
-1430 1829
-9037 1785
-2059 2011
47
-2163 4431
-1026 1304
-7369 5664
-598 7854
-1702 7817
-7690 3852
-5900 2369
-5165 2920
-2082 2662
-3389 1547
-6586 7165
-1473 447
-620 7802
-6924 6516
-4693 5937
-6388 9420
-7697 5855
-4060 7228
-3794 7775
-6077 9444
-3917 697
-7017 7261
-5483 406
-9180 9510
-3622 9753
-9182 6369
-818 1435
-6628 7235
-7431 8904
-7850 8313
-3398 146
-2591 7463
-9361 1482
-5871 4560
-289 8909
-2811 6535
-1981 4216
-7638 6002
-9508 9288
-7479 7691
-8222 6256
-126 4625
-4320 6211
-1184 9563
-6625 5692
-4640 8446
-1339 789
90
-5171 7278
-8300 1395
-4894 7327
-225 7568
-9302 1424
-2018 9835
-1342 5977
-9238 6811
-4768 4280
-5641 8963
-8642 7740
-8112 6172
-6231 1383
-8676 399
-552 8317
-4375 8905
-3140 9021
-4285 7222
-5490 6677
-5759 2342
-8913 1048
-1546 2090
-2732 8204
-794 8910
-2128 6088
-2754 910
-7069 6903
-3440 4792
-8573 2145
-1536 7443
-3416 3309
-4342 4725
-6675 4192
-2339 3494
-6443 5254
-348 6669
-1562 7488
-9639 7641
-4346 8209
-1076 9301
-5225 2892
-4459 1605
-8505 7480
-2428 4641
-1670 9429
-2948 4184
-483 8453
-6825 9537
-32 2957
-5984 1650
-673 9023
-5256 6648
-5354 4709
-8525 5289
-5223 621
-1785 9312
-2627 5601
-6148 2002
-9340 4282
-9715 387
-3176 5354
-7955 8766
-3677 751
-3560 1128
-4601 8397
-2818 6070
-3396 8641
-4533 1728
-3990 4101
-6455 2095
-6199 5990
-4450 2419
-3447 9130
-2157 9400
-5084 7464
-2073 1577
-5073 155
-7739 1307
-8754 4760
-8533 4519
-2368 4646
-8561 8185
-2537 87
-1017 7215
-7461 4097
-5638 3159
-9686 3197
-5881 4998
-5831 3720
-973 7726
61
-4179 5555
-8570 2739
-8876 2041
-2394 3835
-4513 2185
-7419 6936
-6723 9249
-6140 4058
-4385 261
-2801 274
-6988 6595
-2038 5272
-3164 9003
-9644 3838
-7672 4457
-8779 4127
-8183 1318
-7385 8128
-1105 219
-3319 4938
-1762 8275
-4351 4176
-2537 9860
-2787 3620
-7560 3491
-3287 3287
-5842 224
-6226 8819
-8761 5745
-3114 8175
-6839 6968
-8585 9793
-7155 9030
-5395 1282
-5127 6552
-1056 7343
-538 8656
-7340 1007
-3305 4811
-4274 1366
-8440 7079
-7206 1237
-5353 536
-1470 1083
-378 3887
-9667 5741
-9905 6663
-3445 9248
-5305 1612
-5372 2408
-8911 3590
-2934 8052
-5118 8716
-4190 2030
-459 5767
-771 8524
-459 7205
-7101 8888
-890 1280
-5811 2606
-7901 6463
22
-3494 1645
-7690 980
-899 2735
-4818 7416
-5802 7361
-105 8075
-9358 4000
-4086 6575
-4848 204
-4785 7205
-1418 975
-8866 9532
-2611 2690
-1705 9963
-6942 7203
-8952 3290
-7666 7208
-9720 2274
-9307 92
-5022 1741
-5264 225
-1316 7263
80
-2185 8937
-2558 4558
-2727 2377
-9627 6684
-1283 4661
-2870 2527
-1133 7680
-1522 3643
-4621 8371
-2983 5343
-2699 7303
-235 9741
-58 7273
-2587 9700
-9039 6988
-2609 9324
-5873 1913
-2408 4131
-4524 9258
-5096 9633
-5112 1345
-6086 6014
-8248 8027
-3390 4942
-9394 1681
-4357 505
-393 9531
-5290 8398
-6332 3528
-1698 9670
-6396 6127
-9153 3827
-2709 3584
-8107 9341
-7337 5243
-6760 4055
-7254 8082
-5220 2784
-7732 4693
-6884 8236
-7861 5899
-1422 7377
-1064 9386
-2800 4621
-4440 3228
-8310 7420
-8892 2993
-2991 1313
-8352 9849
-753 6611
-1598 3013
-4643 7866
-1969 9001
-4382 8487
-3197 7373
-6696 6605
-4952 9874
-6748 1653
-3663 2477
-2668 6399
-2259 7174
-4735 3666
-1009 2044
-3370 7371
-2369 2304
-7861 5408
-5894 5770
-2304 3559
-474 3984
-6718 1041
-4160 9284
-4059 9932
-7819 7755
-6621 9056
-6859 4127
-695 5540
-3320 893
-8278 6056
-3168 3091
-9058 6892
21
-5231 2502
-8168 7946
-8679 2653
-8249 2312
-9816 5880
-3488 4517
-9848 5194
-6188 3699
-2668 6063
-5989 1723
-1159 861
-369 7027
-7880 7865
-6470 6653
-3976 4804
-2830 6890
-5616 296
-9069 5005
-7409 4211
-366 1986
-2962 5122
14
-9440 5387
-8542 5354
-8044 7816
-304 2195
-2502 3790
-9454 5676
-9004 7396
-2886 114
-7297 9960
-7552 9798
-4602 6034
-9154 7383
-1617 6908
-814 3009
36
-4433 6909
-6174 4209
-7714 302
-5888 7369
-6116 9868
-7269 9084
-8794 3308
-2431 3218
-2305 4990
-5662 4890
-6040 5582
-2711 4636
-9027 2954
-9975 681
-4041 5619
-1658 3670
-8521 4884
-119 9571
-6851 1161
-3149 7959
-5405 7584
-6342 3675
-8761 3072
-8623 4618
-6730 9503
-9987 5246
-3943 8140
-3673 4388
-8563 1573
-7784 8038
-6540 7549
-331 4871
-9377 4734
-4554 9902
-1567 4750
-2075 8245
91
-4472 4080
-7632 143
-6884 2449
-2988 126
-9465 7139
-7348 1247
-9178 1875
-6748 6619
-2106 441
-8000 2761
-4972 1935
-8002 1303
-8774 4777
-5442 5428
-9779 9614
-5251 1029
-4826 3885
-8622 3267
-8816 5859
-4601 156
-8338 7321
-842 6758
-5505 8786
-3061 1040
-463 249
-4371 1432
-1076 322
-2977 4843
-4436 2065
-3279 6231
-4386 4298
-4886 2751
-4893 9321
-4240 8407
-1011 3112
-7386 2930
-4164 8484
-5270 7642
-8498 3992
-4572 6429
-3310 4728
-3855 8162
-968 8123
-7319 9850
-1419 719
-4637 948
-8865 8086
-297 3986
-761 6787
-9607 5164
-2395 4957
-3866 4683
-6886 6940
-1313 3909
-5010 2197
-5145 4197
-3151 1061
-6095 3422
-922 6614
-3341 5243
-1587 4521
-1641 7714
-190 653
-1274 7373
-9516 8988
-8847 2774
-5639 4146
-3361 9105
-4518 8126
-6508 2469
-9611 1430
-4048 7467
-9373 425
-1011 1352
-8510 9733
-4133 8630
-3949 1856
-6806 6049
-4243 3466
-9739 4259
-4450 3925
-9657 9180
-7725 5969
-3530 5302
-5975 5672
-3710 4921
-1341 8768
-9803 7520
-5671 2919
-8863 4540
-7813 6417
66
-5078 3587
-9838 3986
-9754 9100
-610 1577
-3018 8179
-3281 2770
-5352 1459
-7617 6853
-6844 480
-2827 1011
-5574 7038
-5257 4876
-2074 280
-2429 8771
-1982 1162
-8047 921
-6355 7514
-780 9263
-9033 2735
-1644 1737
-8360 5693
-4817 480
-1481 4116
-4492 4838
-560 1973
-7753 5782
-6153 5107
-9135 2247
-8494 9642
-7741 2679
-8708 5315
-9544 1133
-1099 6505
-9978 6577
-3387 9150
-7256 9673
-8844 3079
-7813 9647
-2030 7205
-9781 3633
-4612 4363
-6757 7023
-1171 2535
-6312 7809
-2591 3309
-7526 6524
-2715 5351
-4099 7093
-8735 3206
-4044 7554
-4182 6496
-7063 5893
-4225 6790
-3289 4327
-8207 4390
-451 5137
-2199 633
-7942 6497
-2268 5112
-7993 554
-2232 7071
-9976 3706
-8667 4241
-795 3075
-696 4315
-1556 6532
24
-9204 7196
-5256 819
-2211 5491
-5697 6731
-1869 2769
-7886 4870
-6198 3537
-4896 5647
-3968 4271
-9058 2041
-2172 6825
-9492 3740
-7086 7959
-3516 3971
-3390 5567
-3565 696
-3241 7988
-4034 6890
-9685 3791
-3843 4353
-8313 3237
-1627 5220
-4083 6991
-7674 1638
44
-7166 4370
-5249 2581
-1512 2781
-8375 3034
-5651 4931
-7387 2941
-2418 3836
-4343 854
-7462 1570
-5195 8012
-2618 1817
-6486 946
-5544 4729
-9531 1497
-6200 768
-9378 6465
-6387 8333
-4387 1709
-3781 7841
-4651 764
-5041 5314
-2203 3286
-7342 1096
-5341 2270
-1425 5220
-1992 7882
-6345 6241
-7302 7489
-3213 7509
-2946 2630
-6323 4029
-2946 7762
-7830 2235
-8059 8389
-3927 204
-362 8082
-3412 8549
-5947 1421
-2666 2079
-5072 2893
-8824 7832
-3729 8749
-3009 753
-4928 1917
84
-7733 5081
-6682 3758
-2251 9965
-1711 5983
-2762 3593
-2516 8542
-7628 4058
-6183 6393
-7972 453
-8390 6960
-5215 9139
-8423 8984
-388 9519
-2842 2988
-5008 6579
-8476 808
-4006 8278
-6397 4597
-3765 7982
-1504 4649
-2486 7708
-5209 9004
-1240 2953
-2334 3987
-4359 4790
-4959 3465
-20 7688
-3159 1132
-9655 8404
-5207 2077
-3998 3056
-3771 5946
-4287 3011
-8582 8564
-4119 7979
-6180 3645
-2768 9106
-8590 9450
-2391 5912
-3320 9291
-1829 7893
-4742 6391
-5733 6980
-8748 7952
-959 6209
-9543 4692
-452 6050
-333 1145
-5 2603
-8337 939
-2950 8388
-8847 6087
-1672 15
-10 204
-1310 7121
-2455 1083
-7529 2799
-6591 3
-3913 4368
-4815 4966
-726 2528
-5819 1622
-6795 6829
-4424 2628
-9209 5313
-7668 181
-2205 5974
-2613 7974
-1939 6363
-4502 5468
-6914 86
-4342 722
-6584 1849
-6224 6884
-5008 1300
-2477 6869
-7369 9861
-6636 2915
-5055 9552
-8950 3865
-7102 4402
-2948 2585
-8569 3183
-5531 289
81
-9942 2069
-3697 4996
-1932 7069
-3697 2439
-787 4204
-7138 1155
-1826 3488
-399 1163
-2034 6328
-7653 4954
-5481 6812
-331 3265
-3261 5948
-6744 1554
-1357 8317
-5923 3121
-4393 4812
-9086 1634
-9890 7066
-8278 4919
-8667 2872
-2105 2934
-3621 7713
-1007 2560
-1524 486
-5487 3061
-8681 9463
-6726 1811
-6824 4625
-4125 6816
-3542 792
-6329 4165
-5897 1255
-5988 4466
-3231 5960
-712 8711
-4187 4325
-9717 8778
-8745 9624
-6372 3762
-2423 8650
-7174 7765
-8005 2047
-3405 8396
-1257 4200
-4397 4377
-2686 5009
-2759 8660
-1576 1170
-6865 5002
-869 5000
-7344 8160
-1934 4522
-3550 3498
-174 9611
-7370 8818
-3018 1299
-5745 1900
-9382 9499
-7582 6565
-6146 6270
-3062 3607
-3550 5405
-3663 9083
-6247 5696
-7482 456
-5000 1642
-9784 149
-3880 3548
-1138 1118
-2339 5165
-7661 699
-3317 6695
-3695 1974
-4515 4130
-1886 8946
-7004 3235
-3434 5460
-6354 7244
-2250 3232
-6558 6200
52
-5297 6991
-2906 2221
-7816 6234
-6191 8246
-8183 3316
-4826 575
-2116 8833
-4102 3391
-140 8648
-8695 1899
-5184 1368
-9390 9412
-5242 8922
-6124 9327
-8880 6474
-8199 1729
-840 2979
-2924 5466
-4868 173
-5073 2474
-2130 9606
-7013 276
-2302 966
-2605 1051
-294 2788
-434 7770
-2118 729
-8538 4689
-4614 2124
-9383 6496
-6482 7385
-5108 7814
-8565 7974
-5153 9511
-2446 5289
-1109 2114
-5362 2149
-8812 6169
-5288 6273
-5136 2824
-9848 4430
-2329 1655
-6050 5474
-3644 515
-973 4514
-1396 8436
-313 3482
-6730 1925
-2519 2244
-5640 7825
-6041 331
-7551 6517
46
-3308 6422
-9425 9455
-2969 182
-6203 2915
-4474 2056
-8004 1647
-1197 3399
-3450 7605
-1758 8048
-2714 7834
-8058 8628
-8201 6996
-3633 3718
-8542 9363
-9390 8193
-681 5960
-2544 3051
-8673 2488
-8065 8440
-9497 4413
-280 9108
-9411 1552
-8090 6914
-4997 2478
-8529 4543
-6720 7496
-7264 8191
-687 2854
-4493 5426
-12 720
-2009 543
-8788 7382
-6081 9976
-436 8592
-3132 9693
-1631 5702
-4692 1573
-6806 9863
-2165 7676
-7846 4320
-9950 5138
-8809 2545
-1081 4691
-7887 119
-7857 6388
-2714 3250
25
-1177 2197
-1977 1163
-1344 3595
-6266 1434
-1320 7173
-1443 1521
-4965 1759
-1671 1397
-2510 5015
-3551 3783
-1251 3334
-5112 2773
-5635 6669
-1665 3048
-8112 9567
-2451 3126
-8216 7406
-8510 7480
-8239 1558
-5175 6276
-3562 5348
-3617 9342
-9643 283
-9775 1457
-5318 616
27
-1240 3673
-892 8937
-4131 4973
-9566 4803
-3018 4447
-3155 9809
-9318 7596
-2047 4924
-9974 8891
-4694 6651
-4792 5236
-6791 6147
-6653 8228
-7947 4933
-6744 3740
-8263 2280
-2029 5169
-351 9244
-105 3362
-6195 7448
-3605 5536
-7638 3018
-5234 9311
-8011 8548
-6806 9573
-3967 1423
-3997 4592
33
-8436 2045
-5650 1607
-8183 6721
-3857 1459
-6474 3198
-1714 5887
-3090 8261
-4056 783
-2011 7063
-1981 7863
-2883 4636
-3560 4065
-8640 1034
-3021 1617
-1403 7051
-3147 9035
-3244 234
-3378 2390
-9006 8433
-2705 6036
-928 1673
-7205 8961
-5353 9760
-6340 8382
-9109 8106
-1462 8783
-6576 1928
-7761 7380
-9483 1136
-2977 6652
-4677 8612
-6504 716
-3716 4766
43
-4491 3450
-1450 3604
-1091 6362
-6409 6684
-1793 4531
-1601 744
-2244 4393
-3588 1662
-9976 7234
-9372 978
-9672 8376
-9356 3658
-5238 564
-4929 4064
-4583 4717
-5507 5854
-8240 7744
-3237 7525
-7759 1664
-3815 5931
-5077 3281
-1868 9972
-8793 7209
-7034 8318
-5770 7691
-9958 3547
-1796 854
-3945 1264
-9619 6868
-3459 5602
-3433 3297
-4884 8573
-9259 5315
-8854 2993
-4067 9147
-7705 8633
-6869 7582
-4236 8997
-6434 3909
-4924 1519
-320 7061
-9863 6618
-438 8972
35
-3336 7891
-3888 1634
-9990 8333
-9640 1053
-1652 3043
-1559 8601
-3509 3741
-3982 6893
-5616 1808
-8857 9826
-3923 2577
-8136 4810
-4769 3918
-3332 2213
-3892 5049
-9163 6657
-9737 1595
-6475 6063
-638 3828
-4152 5405
-7851 8224
-2723 595
-8216 8430
-3388 2320
-8402 5141
-5510 137
-4235 6416
-3543 2236
-9216 9407
-4794 8213
-9172 4893
-5159 7153
-7530 7054
-7389 7506
-8555 3294
1
-6425 1672
30
-9654 2889
-1527 915
-9266 9131
-2179 5487
-2157 3518
-7435 7601
-1603 3060
-9251 4677
-7209 7877
-3794 3859
-6826 6338
-8493 6667
-5419 5677
-6808 2005
-3044 7880
-4688 8834
-2151 4891
-278 2511
-182 5881
-7684 961
-3836 1479
-4209 3941
-4568 3270
-7883 1251
-3422 9626
-8095 6631
-8814 4215
-8316 8246
-8081 7074
-8418 7148
72
-9010 1598
-4519 5786
-7432 6971
-5236 6488
-1404 3372
-9674 6297
-3229 2100
-1653 5830
-2047 3249
-163 8869
-4899 4321
-5285 5944
-6316 7171
-3098 1181
-6636 5169
-6943 8396
-3305 7449
-2586 4010
-3238 5454
-3022 7888
-5917 9223
-3234 7640
-5475 7233
-7739 1008
-4977 6387
-5543 3088
-4726 7791
-9349 6909
-3328 8233
-2137 6714
-4199 7236
-4236 9964
-6942 3338
-3423 2165
-807 6453
-2131 2634
-8571 4425
-1640 5355
-6962 6765
-8966 7763
-5777 574
-5488 9299
-3257 8509
-1701 5349
-2306 3638
-3341 3931
-7883 8662
-8101 8464
-700 3850
-927 4395
-9741 1372
-2813 3662
-9065 4936
-2791 6111
-4776 681
-8685 6916
-1667 6592
-9925 836
-611 5784
-3755 5305
-1419 6650
-6009 4808
-869 4186
-1572 3123
-7742 8258
-8816 9156
-2915 966
-3178 2021
-3996 3972
-5375 4550
-1969 1488
-7830 2867
52
-6996 3467
-6897 9538
-5681 1997
-5952 7754
-7961 7103
-9778 1786
-7627 3600
-3681 7173
-9805 6420
-5561 6854
-3030 9617
-9299 750
-1938 7710
-7339 7511
-9996 3284
-5491 4756
-3489 5895
-746 1163
-7572 1450
-3359 8881
-2624 8227
-6900 4140
-4884 5079
-8946 5330
-2055 4546
-4258 4189
-5208 4023
-4713 4759
-5914 8855
-9940 5669
-7978 546
-5261 885
-4130 470
-2901 1954
-1890 3828
-8847 389
-5879 9548
-8618 7653
-6530 5283
-393 1810
-1535 8151
-8712 8852
-2084 5774
-1042 7723
-4756 5188
-960 7180
-3839 3396
-35 6307
-1591 9007
-6922 3134
-3824 9303
-15 2981
22
-3532 5517
-7822 6731
-7737 5206
-7923 1877
-9237 5928
-6965 2936
-8130 5723
-4301 3433
-7089 537
-4031 3484
-8680 2515
-5076 4097
-8455 8091
-1367 6454
-7267 5899
-2093 896
-8238 1173
-4758 6020
-6626 9465
-4851 1285
-5353 5279
-4209 3008
39
-4777 903
-1088 2977
-1395 9330
-7659 526
-791 9671
-9474 6185
-2487 1832
-321 7902
-6956 5695
-2298 4119
-4218 9688
-7275 4168
-7051 1683
-2212 4052
-8731 8238
-475 4885
-1222 4397
-2317 2113
-6655 471
-5967 9001
-9481 4452
-4848 4951
-1597 7037
-5692 4184
-1997 6512
-2094 9375
-5960 6929
-3543 4955
-7776 8095
-7865 2695
-5191 6614
-8978 7356
-316 8801
-9520 8993
-6371 1166
-939 3593
-9115 8861
-3980 7504
-4823 6550
73
-2582 8831
-6097 9442
-3290 5434
-2486 118
-7896 5955
-6785 7842
-7548 5331
-7347 4939
-6471 5765
-914 7926
-3115 5743
-5572 4074
-5474 5354
-3740 5153
-2848 520
-5519 7306
-8105 72
-1981 7556
-4195 7308
-4369 8168
-3720 3121
-2199 2391
-4576 1522
-6312 819
-3631 8853
-7212 8431
-1397 3091
-9853 2894
-2444 6750
-5414 3301
-6524 7815
-6512 2422
-2138 1260
-5871 6751
-850 7486
-1796 9892
-5581 8013
-679 7482
-7998 1250
-3169 2348
-55 1837
-8054 4989
-5203 9055
-5264 5306
-7271 3076
-9603 6542
-6276 2274
-1559 7138
-4851 3599
-7586 874
-4809 6505
-4615 5928
-7562 5325
-410 7771
-1330 2594
-3643 2237
-1209 9668
-8811 4051
-7760 3293
-820 149
-1090 2428
-7836 7218
-3422 5529
-33 7609
-120 2826
-7495 1785
-7235 264
-4201 8425
-9926 4132
-7516 5991
-2189 2135
-3494 9157
-9469 1890
84
-7207 9406
-3535 7104
-341 388
-9279 6789
-8723 1051
-4641 2371
-9429 1875
-8473 5459
-594 6438
-2158 7705
-4107 9349
-3407 4721
-3673 3081
-7540 7800
-6176 81
-7186 3243
-40 1255
-5542 5925
-8778 175
-8688 5624
-1971 4920
-5694 6216
-9530 6393
-768 304
-4372 6695
-4276 4316
-5208 6537
-7360 2815
-62 3236
-428 7435
-6484 572
-9575 4060
-4542 8932
-3019 2407
-1688 9308
-8232 6597
-4759 6455
-6781 7237
-5702 9647
-9170 9615
-7385 9438
-4442 3268
-782 1088
-1734 8566
-5348 9904
-1265 791
-2901 6748
-9772 8816
-1602 7754
-5385 2424
-6273 4557
-3153 1848
-808 3670
-6430 3095
-5956 2116
-549 3938
-6823 5948
-5458 2659
-3044 2805
-4163 2310
-8781 1850
-6263 3193
-7632 4240
-2407 7472
-8707 5808
-1202 6563
-3130 5428
-5653 9119
-6899 2954
-2797 1109
-5096 6034
-6968 6509
-4428 3113
-1968 9046
-1093 1937
-6066 2890
-8551 5209
-4570 1785
-8617 3835
-310 1062
-823 8459
-9556 6510
-1837 5575
-7103 6736
99
-4858 4590
-6607 5866
-3429 768
-1727 5014
-5426 1257
-6172 972
-2387 880
-3924 666
-3318 850
-9228 9943
-1947 2226
-7147 8289
-3245 6317
-624 8167
-2031 7950
-7984 3907
-4128 4868
-4956 3029
-5142 1007
-125 9386
-1295 6167
-8566 2544
-5909 4544
-9065 3893
-2548 2261
-9638 8257
-4767 7445
-6039 7197
-8000 5922
-9418 8476
-4453 279
-9423 7942
-2838 7718
-8749 9041
-3649 3814
-657 7880
-3135 9188
-6933 5528
-8919 8087
-2922 5350
-7740 1914
-9576 662
-4802 9633
-7318 7575
-6124 9510
-2855 7873
-170 6668
-594 7889
-502 8709
-1423 2397
-7270 7024
-2832 4048
-439 8008
-4895 2149
-1597 2421
-6063 9412
-9447 5670
-3859 7298
-1651 8787
-8795 4562
-1157 3165
-9336 9532
-6285 4547
-2474 2242
-3106 7482
-9079 3112
-6034 6248
-5460 8068
-6452 4114
-1191 1923
-4159 2087
-9959 1227
-2291 1317
-2839 8684
-35 5814
-836 1627
-4483 3892
-1952 8217
-2308 3588
-1406 2430
-8324 2993
-1989 5231
-7823 1604
-18 7415
-7492 3518
-2482 6625
-9408 2885
-7010 2084
-4907 5476
-1898 2676
-2957 7445
-8395 9640
-7155 9840
-3130 2507
-559 7239
-5194 8871
-3225 6673
-3943 3337
-9102 7360
3
-4533 9274
-2311 7899
-4053 4195
87
-5452 6485
-1151 2613
-8567 1096
-853 8002
-6381 6641
-710 7016
-5699 3662
-3720 5615
-588 8365
-535 3649
-6624 3680
-612 7956
-4238 6300
-8293 474
-7451 1950
-6882 1966
-4291 5691
-126 1970
-6927 2840
-2603 5278
-7258 4709
-4964 169
-601 5677
-3981 3392
-543 2312
-4929 826
-3876 5529
-2167 6836
-4578 4523
-6937 877
-5753 9939
-8094 8974
-6861 5003
-9375 9228
-3444 4297
-9431 7255
-4348 8115
-3663 7673
-2899 170
-564 9227
-7346 4538
-5710 2793
-4448 3776
-1539 9854
-7641 7003
-7504 2083
-6654 1168
-4641 2421
-1320 7650
-7692 9278
-6129 9498
-6906 8252
-3649 7302
-1610 5991
-3779 4373
-6225 7931
-6492 8543
-7198 1896
-276 660
-2860 6897
-6643 1908
-5257 2212
-4895 778
-6830 9781
-9455 6375
-8581 4192
-1790 6813
-2555 4651
-115 9168
-6103 9864
-6430 8386
-677 6858
-1092 2029
-5369 6316
-350 4350
-2150 411
-3459 2666
-4977 9638
-7430 6026
-2749 9484
-194 5003
-7154 1472
-3753 277
-1130 7016
-5857 3157
-3580 5774
-6490 3186
11
-2087 4387
-978 9810
-327 9017
-5040 6300
-8315 6934
-5891 3376
-5910 6358
-1450 7476
-2729 9892
-8866 3749
-9024 7184
84
-665 9936
-5832 3661
-487 5497
-4494 1220
-5154 7188
-3743 6342
-5570 7687
-288 4487
-7640 529
-6794 3479
-4404 1006
-9524 8447
-8418 3018
-5434 9919
-7552 1367
-4014 4702
-3589 4760
-4799 4516
-6229 4719
-1351 644
-8573 1045
-4369 2256
-2354 6082
-6440 6571
-3389 7895
-5339 9343
-2156 4239
-3713 430
-3186 3843
-4792 9107
-447 4752
-2576 9036
-2043 6411
-6156 8875
-9324 7618
-6255 2702
-7282 4675
-2954 8101
-4037 1300
-2488 6977
-9889 4612
-1214 5552
-6777 8987
-5112 1987
-2996 3010
-8544 1750
-4937 431
-911 6668
-6010 9513
-9305 6553
-8085 7851
-6686 6817
-1606 5401
-4285 7656
-3965 4469
-5216 5971
-9122 9755
-9474 4670
-3243 6703
-6802 7550
-343 1321
-3586 6284
-8396 1789
-5515 1937
-1158 7615
-9727 142
-6473 2111
-178 1872
-4872 4071
-9133 8362
-7249 4458
-5283 262
-912 3057
-4870 5517
-4399 4581
-1690 8158
-3257 38
-6459 6674
-1414 6092
-2069 6529
-2879 5894
-6514 3586
-212 7474
-3016 2249
87
-9326 2535
-6073 5890
-219 7003
-763 6379
-1047 9427
-3091 5278
-6816 6765
-3667 8252
-7005 4219
-5626 1091
-2259 9153
-3580 9923
-2775 9002
-7404 4137
-4083 5712
-2952 9259
-7983 5500
-215 4486
-8893 4185
-6600 6900
-8468 3969
-7015 7843
-4938 2796
-7772 1084
-2888 206
-1983 3377
-149 5077
-2173 4673
-3399 7291
-5591 2034
-4002 6320
-3981 1567
-6169 8306
-3708 1668
-5571 2840
-8461 2879
-3175 6510
-9268 8465
-5220 7969
-9742 2174
-4129 288
-9560 8834
-211 1308
-4779 8347
-2314 1457
-6462 2065
-923 5847
-1209 8934
-8591 6039
-2450 7464
-3757 4939
-1330 7050
-4451 5550
-5130 1836
-4838 7788
-862 169
-1443 9683
-9094 9235
-3167 3168
-7034 5558
-817 4134
-6406 436
-9799 5204
-2316 4874
-4985 215
-3832 695
-1819 1967
-277 9502
-4486 6745
-1899 6801
-9927 5556
-6664 6091
-5913 631
-660 686
-9152 4197
-5173 8502
-979 1061
-4017 2630
-8683 6276
-9997 6520
-6810 6732
-9674 2480
-1899 444
-9689 6408
-7773 2406
-2712 9750
-447 5121
71
-4977 6003
-9711 8012
-2516 7504
-7618 898
-7512 5622
-4772 1703
-8576 6726
-6116 2922
-902 295
-2011 4661
-6809 6719
-3435 1803
-8217 4247
-400 9848
-5371 914
-5212 2650
-2572 6507
-3076 5669
-4881 9458
-4467 506
-3901 3235
-5901 999
-8393 7304
-2237 6483
-3864 2062
-620 9161
-7172 2050
-1897 2021
-1737 8788
-2271 5204
-2588 4819
-7748 2064
-9624 5780
-8024 2137
-4105 2772
-8205 772
-1625 64
-6367 8656
-6168 7816
-4213 8360
-1256 776
-89 917
-9011 492
-1711 161
-2843 300
-601 3659
-7688 8615
-4978 9061
-2017 468
-1107 4167
-4893 5487
-4811 2348
-8930 1705
-8983 6488
-4740 3694
-4972 3180
-7378 4312
-965 764
-6013 2655
-4202 4435
-7100 6195
-5420 7569
-9487 58
-3392 9388
-2862 2727
-999 7617
-2857 8460
-6635 517
-4009 6751
-3068 3263
-7834 7730
82
-9242 3886
-2034 5961
-8250 591
-6222 5638
-9384 28
-5525 7847
-7808 8183
-7207 712
-2486 7070
-1262 189
-482 2936
-1982 284
-206 9221
-6858 257
-6605 2730
-7477 6286
-9172 7142
-4090 2721
-7747 6362
-2322 560
-8318 9731
-4316 9451
-6795 9066
-5767 2835
-327 7095
-6059 2539
-2041 3334
-9527 2267
-8334 1338
-2942 2814
-8643 5701
-816 6328
-2871 9191
-4361 6353
-4165 4550
-124 425
-2812 4710
-5146 1424
-3200 8110
-4598 6392
-7420 8946
-8743 1460
-8271 2135
-4783 7183
-8575 3138
-9873 5415
-4585 3604
-757 2168
-2670 9024
-3672 4666
-1626 6741
-2091 3888
-5304 3458
-2073 3313
-850 4297
-4496 2524
-8662 9347
-6122 1445
-8096 691
-4397 6279
-5386 1291
-4161 8727
-5390 4749
-586 8439
-1221 3041
-5444 5312
-921 3014
-1376 8960
-3199 4902
-5501 1244
-7316 1790
-8894 5836
-5364 6197
-5653 2665
-6229 311
-126 612
-4289 4327
-4257 2190
-160 4205
-49 3112
-6995 3568
-361 4239
33
-6601 1097
-6405 4493
-3557 3472
-6546 9171
-2442 2861
-2499 3217
-681 606
-3538 8057
-7494 5707
-8000 4986
-4918 5561
-8571 8415
-3457 4684
-8123 7704
-2987 4899
-7500 457
-6453 785
-3777 4704
-6930 9735
-6638 8520
-8028 8504
-3295 9238
-2231 8520
-9381 8290
-6237 3007
-871 1574
-6992 1919
-9507 69
-3792 3949
-7657 7831
-9499 2255
-1371 9475
-8547 8601
34
-3054 1408
-986 1136
-2989 7586
-853 9097
-7337 2414
-1806 4916
-3654 8408
-1028 6383
-8875 6828
-2954 6704
-5729 8711
-3030 616
-7372 3949
-4890 8739
-4748 984
-9617 3468
-6915 9709
-2217 4556
-6246 1610
-9002 5116
-9483 2340
-3318 3705
-3935 119
-6769 1327
-8197 6278
-8829 5231
-151 5283
-5427 4293
-8241 89
-2565 3082
-209 3079
-8757 8481
-7873 3280
-1399 1596
9
-1955 1409
-2785 2996
-7562 3477
-6078 1140
-3536 8057
-7345 6311
-2425 7396
-6472 820
-131 4913
90
-1969 3661
-9026 6303
-9236 271
-3584 501
-4850 4300
-6237 6330
-8479 3457
-3450 7767
-477 6666
-4618 9632
-2668 5861
-7149 6081
-5402 7533
-5899 7589
-7252 5378
-2384 4132
-8286 1524
-1788 2350
-8764 3530
-5891 8209
-6352 4284
-4822 5415
-5142 606
-3626 2555
-9596 2839
-2599 7347
-3968 3273
-9346 7226
-2225 3724
-7078 1011
-1892 7714
-4941 665
-3857 8871
-1027 6363
-8788 9044
-3629 4714
-5480 4016
-8106 5127
-6495 8493
-4684 8939
-6359 9600
-7048 2145
-8604 8960
-1865 9933
-7184 6549
-6836 6011
-897 6074
-8560 1046
-4504 4213
-4264 4508
-303 3850
-4834 3061
-6169 8353
-7004 7699
-9933 4690
-9282 6637
-3558 3745
-4472 2869
-141 4525
-1392 81
-9362 2116
-3224 4790
-1 4273
-995 4247
-503 3116
-9590 5161
-9604 2361
-4754 1137
-5845 830
-1281 6146
-3382 989
-4778 831
-4248 8151
-8592 9444
-6012 3562
-7132 4866
-5192 8686
-1602 5779
-9667 5011
-908 4540
-4233 6096
-4880 8142
-9341 2742
-3589 1270
-8401 6729
-662 2633
-3603 578
-6308 6866
-2938 1541
-9603 2568
81
-7135 5864
-2864 3126
-2102 3897
-4083 9109
-4758 8855
-6738 891
-3622 3777
-2352 7352
-5509 5897
-1270 4106
-7964 185
-90 4102
-7255 7412
-8742 499
-2853 9909
-8685 179
-4232 1683
-7186 2319
-1792 7517
-1888 5735
-3510 9327
-5269 1602
-6881 4646
-7027 8967
-2440 3466
-5812 9743
-4494 7227
-6523 6210
-5655 4781
-4301 7304
-6630 9230
-1225 3717
-6186 1350
-6522 3077
-8766 7201
-1720 2785
-5421 2845
-6343 8358
-4362 1300
-8523 8182
-9492 4350
-1201 3346
-8214 7115
-5047 6838
-1455 7848
-1301 4297
-3662 277
-7346 3054
-3115 7468
-4771 827
-9297 1455
-8176 2476
-7043 1407
-5390 7564
-9662 8890
-3443 9341
-7526 9694
-3962 1512
-6520 1574
-5490 114
-915 2531
-6812 7086
-3658 6309
-5235 9891
-8423 8025
-941 3130
-5672 5067
-7507 607
-4713 6652
-3641 2019
-5204 5285
-3574 863
-9397 3853
-1048 5900
-7017 3581
-6733 7718
-3003 5891
-8938 1253
-6414 9916
-3583 4131
-2303 3935
13
-1451 6915
-5598 5292
-2350 1937
-7581 4945
-6916 8010
-3001 169
-8461 9374
-7098 6549
-5441 6153
-9134 8396
-1599 7719
-7096 3243
-1799 4747
50
-7847 2902
-5725 2593
-6420 7186
-6711 1291
-1670 990
-8672 1352
-9451 6982
-3718 4745
-9239 6489
-3773 1729
-1986 407
-9527 1436
-1152 2833
-8775 8900
-8680 8383
-832 4999
-8758 5271
-2783 3494
-537 6696
-4446 7965
-9310 5137
-735 8762
-4872 6408
-9643 3846
-9761 4857
-2583 9080
-1227 7606
-6802 2201
-9416 830
-7989 8916
-5545 1044
-876 2474
-9573 4215
-4219 5211
-5534 9790
-8786 1101
-2690 9184
-370 5842
-4178 5788
-2746 5447
-113 6513
-8330 6284
-5253 1584
-6844 4994
-1203 3854
-5987 3534
-4582 9318
-4839 9464
-72 2404
-3747 8395
3
-6149 1043
-860 9323
-8259 1924
21
-7501 2521
-4186 4142
-2978 762
-3241 6931
-986 6683
-5652 2132
-2006 9323
-7167 4975
-445 1073
-165 9843
-3665 4883
-8501 512
-4967 5378
-4338 5694
-7129 5534
-6717 5218
-6777 7737
-5624 1277
-2245 1481
-2557 3805
-7306 4108
82
-4443 6744
-5377 4783
-8507 7038
-4669 437
-8032 5867
-3287 711
-423 2230
-2662 6263
-6100 7594
-4003 1328
-2109 1921
-870 6432
-5885 3874
-1548 5307
-3927 4118
-3423 5672
-5140 2307
-2842 6234
-4032 2144
-9655 6866
-9844 1791
-4222 2931
-1491 7823
-426 5690
-1340 5004
-9852 4162
-3517 6888
-4158 1418
-4323 2006
-310 3794
-8738 311
-3115 3322
-3070 8556
-9783 9083
-2266 1545
-533 5741
-7366 9925
-8560 2344
-4155 8732
-1442 8839
-9309 5611
-7967 2350
-5266 7688
-7663 6743
-5469 1836
-8246 4257
-5813 6081
-4400 9688
-3803 5871
-5046 4639
-7594 5752
-2266 9587
-9088 6984
-9797 9100
-9143 9147
-6362 3776
-8260 9550
-6088 946
-1097 1388
-1964 2288
-8754 2975
-5615 8573
-4050 9099
-1448 2123
-5552 7398
-9517 2768
-3849 6895
-6949 3521
-5241 8183
-1993 5776
-725 6852
-7521 4905
-6693 5349
-2827 2399
-3397 5501
-1259 3365
-9690 3850
-6922 3511
-5169 703
-8974 576
-6128 2352
-1143 805
13
-7400 7777
-3858 7599
-4242 7750
-8163 1527
-2535 3462
-8171 1350
-6938 6261
-461 5526
-9892 4670
-9642 8099
-4640 2329
-8215 9166
-6947 5529
22
-1107 7446
-3711 8837
-284 2785
-8701 4063
-3668 7110
-9154 412
-2157 2978
-6977 7009
-2446 7901
-1135 7863
-7673 2895
-7674 3360
-4331 8361
-434 7335
-5865 2402
-7448 8856
-329 8888
-9101 4023
-3352 180
-7796 604
-5115 2578
-4538 2429
83
-9305 4477
-7432 5073
-8072 7082
-600 4429
-9661 6276
-2218 8587
-2078 8353
-9087 2560
-5309 7478
-7729 7241
-5261 5926
-5289 7947
-4311 2099
-4370 4826
-5286 8363
-2533 5679
-2203 9594
-4938 6822
-4580 7137
-2374 9189
-5487 2604
-7584 3967
-5449 1117
-7346 4021
-7337 1362
-7581 4425
-9985 1733
-2363 3804
-3271 716
-8611 4160
-1698 9896
-6097 4087
-9833 552
-5564 4141
-2626 672
-6712 4117
-5179 1624
-2097 3202
-6150 7600
-6239 5696
-4869 4078
-5041 2447
-7647 3773
-7851 3971
-2509 8180
-1832 3105
-5697 9225
-393 4355
-3598 8996
-7614 7648
-6316 2079
-1157 9544
-2785 2566
-6718 4294
-6836 6906
-2527 7148
-6835 872
-7990 9211
-2813 2432
-8495 9513
-3636 6794
-7636 1185
-9807 7770
-9495 3133
-2655 6779
-699 3086
-6816 9403
-1343 5361
-4745 1130
-8644 452
-8253 9145
-9334 3773
-9327 3856
-3753 1225
-7505 6448
-2724 662
-4323 8160
-8424 5194
-58 508
-4204 9884
-708 9709
-4275 1716
-1690 6007
69
-4816 5601
-9175 1843
-269 5851
-7691 6036
-1913 2924
-6607 5073
-9153 5416
-8503 9045
-8683 6139
-2541 1412
-5880 7387
-3050 174
-95 3625
-8361 6228
-1969 5443
-4731 1140
-5647 2492
-5368 345
-2121 705
-2876 3672
-7139 2620
-3298 7200
-9737 5027
-797 1329
-8645 758
-9599 3856
-4684 7803
-365 3115
-6515 3567
-8804 6858
-4982 4644
-5779 7113
-7744 8923
-213 6740
-3838 1212
-8401 5875
-8307 6404
-996 9561
-1729 4803
-6789 3029
-6777 8760
-7214 6368
-4957 5101
-400 9843
-636 4568
-5235 6548
-1368 4778
-5533 8068
-1634 7582
-442 528
-2069 6700
-3542 4211
-6339 4562
-4544 8517
-1065 7819
-5411 3976
-3975 7057
-8087 9425
-4309 293
-9801 6904
-2095 1440
-4969 5921
-5349 9644
-5436 8106
-8559 1380
-2012 5547
-6460 2049
-7286 363
-2361 9636
35
-568 1454
-5980 4282
-6003 5162
-6318 1127
-1215 6462
-3764 8053
-887 1689
-1472 7571
-6658 572
-5657 9854
-3270 9770
-3937 3128
-1567 9311
-9472 154
-1270 467
-4123 2318
-2987 8031
-464 8226
-9239 3054
-4335 2930
-4619 2454
-8164 248
-826 6442
-1953 7991
-2867 2788
-9380 3182
-3466 9130
-2046 7502
-3945 7442
-5485 3329
-9846 5816
-3035 185
-8988 440
-3552 5681
-3587 3325
79
-9492 96
-1914 6520
-873 4832
-5450 7263
-2288 8858
-3752 577
-951 163
-1151 8493
-6422 7571
-8459 7980
-2649 2249
-1980 1326
-7614 8243
-2606 3150
-4650 7420
-6682 6533
-9902 7955
-8871 1815
-1140 3897
-3385 646
-3071 8490
-1221 4522
-5009 6619
-6487 4232
-4756 6899
-7370 4613
-7368 3078
-3287 1501
-460 8731
-4283 2390
-1580 523
-3407 6738
-3213 4109
-379 9449
-5868 8926
-5416 3800
-4854 3829
-4200 9452
-4736 6093
-3007 8557
-2365 1850
-8289 4967
-8052 9417
-9291 2067
-5195 7753
-6047 9406
-4514 5136
-5022 4376
-5192 8480
-4183 4773
-4197 1516
-7818 2359
-8885 3317
-4659 2965
-5448 4639
-1324 1842
-1721 3219
-1743 9098
-8188 4336
-6452 9683
-1311 973
-7965 3421
-6931 4053
-3236 5799
-5081 3825
-9934 3800
-2321 3708
-5323 1580
-4709 4990
-9823 4522
-8048 4634
-5029 5980
-1644 2223
-5652 5150
-9453 7046
-8629 685
-1349 2012
-3304 2073
-1844 6629
86
-5677 9486
-4649 1709
-6218 6382
-4227 8167
-5752 5772
-4440 2128
-7397 5412
-1798 6259
-1706 1780
-8012 9425
-8755 4708
-5084 5108
-1743 5907
-7171 1522
-982 7116
-1448 5878
-2192 7684
-4632 9077
-4853 1507
-3161 3401
-9362 1816
-3803 7502
-1473 4261
-8705 7206
-6539 3903
-1666 2614
-7843 1776
-132 9006
-8840 3974
-6862 6273
-8504 5262
-2662 5998
-3583 1018
-2586 3661
-1954 1246
-9903 5800
-2736 7576
-1934 3925
-13 8924
-6974 8052
-2480 152
-4512 7260
-1122 4118
-9645 3426
-4687 480
-9481 5829
-2943 6321
-3670 1196
-6336 5688
-2382 6555
-3376 4802
-9162 4038
-6323 4946
-8114 6922
-2060 8853
-7019 885
-9747 108
-2988 9654
-2186 211
-3258 89
-1126 8496
-3431 8649
-2800 8710
-7036 5478
-2919 9848
-8402 930
-5791 4731
-4923 3470
-9219 6997
-5341 2189
-2854 4662
-7606 3744
-4997 5214
-5340 2880
-6202 2234
-6335 3064
-5025 6937
-9961 490
-6706 6899
-3365 8135
-4774 4128
-3442 6838
-4599 3348
-8836 1580
-6780 8867
-3935 9290
22
-1245 2123
-6424 9810
-4844 3297
-1684 4134
-9901 3859
-1127 2598
-7567 2735
-7433 7950
-8142 6148
-6436 5497
-3808 6613
-8090 7602
-6420 6753
-4758 1933
-5236 1701
-8853 7224
-2725 1651
-21 6258
-4193 5182
-9198 7623
-1237 7320
-3158 1289
71
-2153 1453
-4283 9117
-4183 4827
-1467 1429
-430 5432
-792 5312
-7332 2326
-2493 3965
-3679 4480
-4244 5781
-8003 7899
-5144 4329
-5455 7812
-3098 4591
-981 8090
-6607 2440
-9862 9660
-4115 7233
-1086 2357
-2912 4243
-6542 4062
-6229 8778
-9412 5752
-4436 8016
-4619 1617
-9791 6459
-3636 7891
-5689 7593
-4224 7432
-4326 9283
-6101 1807
-1364 1153
-4881 6694
-3107 8486
-3963 6962
-8470 72
-2337 5535
-9476 9587
-3136 4314
-8556 5594
-824 3545
-158 2490
-8222 9965
-1835 1552
-828 7495
-4302 2021
-5078 6614
-3993 472
-9438 6687
-3236 456
-8750 4561
-7492 15
-7721 8785
-3207 8748
-293 5954
-2005 1003
-8135 7674
-7844 5345
-3218 3123
-1458 3634
-3866 2727
-5270 2503
-850 9254
-6411 8901
-2012 8966
-4712 3592
-3883 9817
-4152 5912
-5309 5302
-7372 7285
-1988 9243
66
-2772 1271
-7731 4681
-294 8142
-3381 1923
-3423 7320
-9262 2731
-6200 2287
-7461 573
-9679 3912
-6125 7443
-9890 6935
-5020 4240
-2749 1854
-8458 2412
-1437 4038
-7371 5848
-2281 8663
-6454 3043
-1881 9918
-9012 7053
-7205 120
-1162 2940
-8475 6042
-2374 8114
-2450 5616
-7230 4947
-8678 1499
-5390 3031
-1914 7578
-7471 6208
-9076 8550
-5062 276
-8600 5011
-1425 6411
-3520 6574
-3769 1681
-3684 6385
-4961 666
-6230 9079
-9402 7515
-951 3943
-1992 9655
-825 7534
-6228 1888
-9979 879
-4241 9345
-9818 7472
-4420 5119
-7103 9408
-1153 4418
-5229 9583
-7153 442
-7996 4967
-2782 5502
-231 8326
-5980 9084
-2761 4246
-7326 5817
-2837 6558
-7662 5057
-4914 7920
-2762 5038
-9477 8743
-4043 7959
-1745 1272
-1888 1118
65
-2388 5260
-1880 1016
-21 652
-7842 1285
-9906 2116
-9931 8457
-8511 5508
-8624 1408
-8911 1017
-8258 2939
-671 4037
-7498 5065
-1674 2388
-8586 956
-72 4243
-2922 709
-2275 5541
-7394 9137
-982 7134
-8632 6187
-8997 7219
-8467 788
-8284 554
-9462 2274
-9548 2855
-4867 177
-8946 3731
-1996 2790
-191 4010
-8103 2690
-4175 3036
-9633 7567
-91 8675
-674 1603
-5123 6762
-2460 2750
-6789 5491
-3362 6424
-962 7461
-8625 3734
-5330 6370
-1542 9631
-5530 440
-1280 1223
-795 6644
-8596 7006
-8246 5112
-5069 7512
-8039 3499
-7187 3984
-286 1079
-4633 2931
-2383 7286
-4893 7289
-6534 5416
-6832 3368
-3611 54
-9007 4041
-1704 7572
-9618 9713
-7119 2960
-4419 681
-9334 481
-2577 2468
-6715 1832
62
-1155 6021
-8229 4244
-4117 9041
-4825 6929
-9566 7076
-8834 1625
-4591 3823
-835 8023
-8925 3817
-8995 595
-4982 7253
-8452 3627
-2951 2144
-6450 4535
-1780 2667
-4499 9126
-2846 827
-858 744
-4492 5461
-2327 244
-7621 5311
-7068 9797
-1620 3265
-1656 4126
-602 8310
-2469 2150
-8008 2676
-5712 7452
-3024 5144
-8463 8180
-7118 5873
-4325 3624
-3480 3639
-2991 58
-6511 4672
-6833 4571
-1411 7254
-7594 6408
-6195 3219
-8273 3747
-6166 4725
-8176 3433
-370 7587
-70 3305
-5909 166
-5084 8623
-8297 2901
-491 4780
-4915 3243
-3698 7933
-7906 7087
-8032 8367
-9130 4131
-2509 1041
-5081 5241
-4514 2220
-7399 106
-8402 7397
-4055 9490
-8 4695
-4700 5698
-2465 4406
32
-5676 6534
-2346 1899
-2988 6814
-2409 386
-7990 3330
-8673 6411
-3594 1855
-4236 2667
-1132 357
-5146 3419
-7555 1573
-9339 7204
-6534 8853
-449 6971
-7248 6760
-1599 6842
-2215 1551
-1768 8120
-1661 730
-4295 5880
-1548 278
-8680 1691
-8121 9686
-4091 9473
-1705 932
-6794 2101
-1253 1620
-5526 5131
-1002 700
-6185 7314
-2592 6
-4770 9021
55
-3275 7476
-9939 6567
-1283 5676
-4366 2289
-1420 1321
-954 3231
-727 4458
-3510 1990
-8983 8889
-7269 4609
-2107 9438
-9135 892
-7581 3808
-3573 6729
-8482 2858
-98 9800
-4425 1377
-9318 2122
-8537 6854
-3581 1556
-8872 4200
-9140 2719
-7683 8191
-4764 8515
-7534 1050
-4955 6205
-6487 5419
-3833 9118
-7669 7621
-7321 8345
-299 3227
-7107 176
-6826 2616
-7220 7546
-4482 9065
-9861 8968
-5624 7251
-8952 7450
-6913 6676
-1988 7613
-8248 795
-3422 6672
-2323 1065
-5210 9160
-504 9386
-6819 1040
-9800 2750
-2966 8047
-4343 5276
-2516 2746
-1268 8931
-8341 2834
-7766 9289
-2331 6772
-4337 3763
50
-4567 4776
-3818 6569
-2359 1901
-5774 9049
-2017 7700
-8515 3064
-9128 4633
-817 2953
-3014 8015
-5878 7316
-8758 4328
-7284 4195
-4319 1419
-381 208
-9162 6877
-4527 9572
-9543 8369
-8121 9910
-7241 2936
-1901 6385
-5329 6020
-1917 3815
-9076 3787
-3749 321
-319 1453
-7942 7701
-7309 8566
-2285 9316
-7767 6958
-5316 7087
-1491 4130
-3068 2253
-2911 9598
-8372 9646
-183 8977
-7144 8747
-953 5462
-2559 1493
-4653 8852
-9299 9124
-2987 4343
-185 1360
-6455 694
-9624 3694
-2697 2855
-2908 2605
-3101 3740
-7895 4194
-790 1523
-3361 8319
90
-9733 9426
-586 7202
-5659 4531
-6315 1874
-7176 6960
-6862 458
-9295 4327
-6850 2585
-208 4247
-6307 8799
-2289 6765
-3096 619
-948 7549
-2356 3412
-2613 7195
-5666 7165
-5390 4507
-6305 3938
-3249 3970
-1388 1130
-7804 7924
-2163 2968
-4131 9953
-7399 1742
-2041 2181
-7857 8464
-7280 6118
-6767 3195
-9462 3316
-1172 3530
-4221 4597
-6304 9656
-3313 65
-3845 5677
-5637 2062
-4605 6150
-1113 906
-5740 9001
-9897 8243
-4900 5440
-5327 8621
-1280 6618
-3783 1747
-2223 9892
-1556 9296
-6755 7164
-1778 4767
-177 1477
-5446 5755
-5707 8969
-1304 7694
-4922 4063
-6548 9692
-5047 338
-8053 377
-1428 3819
-3412 8928
-5085 3606
-2553 9749
-9241 6065
-6597 7094
-5295 8435
-2190 9196
-9408 5961
-7967 4038
-3957 9028
-201 3495
-5644 9813
-9336 465
-327 7356
-5950 149
-440 110
-4918 759
-3410 7336
-1729 9456
-5370 6988
-7864 8722
-9843 4971
-8551 1066
-2932 143
-2769 6668
-3010 1863
-7501 1844
-8881 3947
-6134 260
-372 4928
-901 6306
-6792 5755
-111 1851
-3089 8811
58
-6615 4212
-4235 8974
-4038 1080
-8512 2808
-4021 1432
-1302 7970
-8582 4801
-9856 217
-7154 8914
-1267 5720
-6012 422
-6949 6438
-9965 7512
-986 2404
-9077 4568
-7965 3
-7797 6676
-9478 9728
-3639 374
-2601 7262
-3818 4597
-4840 2223
-9570 394
-4875 5552
-6277 7811
-4974 4785
-1780 169
-9484 4331
-3640 5310
-7927 1316
-4057 9571
-6749 1574
-2736 2037
-6715 6698
-8271 4526
-4433 5257
-8108 4523
-9223 9813
-7151 8792
-4424 6873
-1228 2409
-3733 2676
-4167 7614
-8651 8826
-5171 3760
-5658 6226
-5075 7782
-2197 1
-7746 5488
-2411 1532
-7074 9540
-1964 6559
-6324 1262
-5457 9000
-1183 9160
-4245 6010
-7310 7479
-255 9931
40
-30 7016
-4583 2681
-2834 1529
-5823 7285
-3668 8160
-1245 595
-646 2502
-9886 9971
-2286 5573
-629 6903
-2298 7297
-55 786
-1651 8064
-8735 9818
-6512 5302
-4007 54
-3380 2923
-8557 7917
-4432 1696
-9841 1583
-9663 6320
-4507 4453
-8637 8653
-4627 6512
-8207 8442
-7653 7287
-2531 7480
-6264 2536
-4005 6334
-7823 5463
-5720 7240
-5695 8465
-2478 3589
-3420 7087
-9280 4060
-1879 4207
-498 4960
-5635 6392
-2936 3068
-4436 7656
5
-5933 8762
-3227 7697
-1401 6876
-9754 8348
-1397 5156
96
-1508 2674
-8341 2007
-6140 7991
-5743 3710
-6786 4601
-2926 8525
-6936 3311
-9388 8350
-6356 1511
-2175 2115
-3120 6104
-3604 8294
-2914 5928
-3274 7067
-4029 8088
-3070 9375
-6989 5411
-4869 5545
-3698 7705
-3141 6407
-424 3614
-3973 538
-3083 6014
-2631 5422
-5878 9639
-9046 104
-7681 276
-6064 7365
-557 4202
-3861 1278
-6904 7907
-4314 984
-8011 85
-5645 1144
-684 9379
-9041 1907
-2087 3480
-5850 5394
-8462 9994
-7613 8055
-8802 8367
-4970 5476
-1338 3041
-8275 4023
-7408 8039
-7552 3843
-3137 4029
-4987 2565
-6407 6874
-8753 5684
-4361 8413
-6695 3874
-802 8932
-1042 2713
-8024 6428
-7324 5847
-6286 7437
-5127 8382
-268 9855
-5534 1369
-920 7185
-3128 5637
-2752 3773
-2484 4105
-5766 4921
-964 7926
-3418 5691
-6492 6572
-2763 1223
-7521 4930
-8152 7342
-6010 4810
-8790 5045
-3337 149
-2233 2339
-994 5816
-1375 3264
-6575 6467
-6982 198
-3249 2270
-899 8532
-1547 6198
-5835 7616
-2508 1318
-7203 7681
-3064 1768
-2020 2601
-2830 5878
-3942 9928
-6605 4558
-2986 9023
-8573 840
-9416 5623
-924 108
-96 8872
-8002 5968
2
-6010 4844
-2681 9932
57
-3604 7336
-8327 3717
-7718 9502
-278 8857
-9171 4701
-7733 5583
-7761 9528
-5385 1600
-7760 5783
-9993 6840
-6694 8586
-3742 9377
-9538 9503
-3289 1010
-3888 9977
-7160 4360
-9097 8210
-8209 8832
-3725 8606
-9735 4586
-8592 711
-9540 6158
-127 9451
-8210 4844
-1817 5202
-9440 9232
-1827 7925
-2275 1025
-4599 550
-2813 2427
-4882 6224
-1877 2857
-4277 3811
-3387 7157
-6887 4408
-230 1408
-1922 2899
-6592 5953
-5322 7790
-3937 81
-2048 8798
-7017 5100
-9224 6880
-7811 3168
-3427 9712
-4885 9737
-110 7791
-5079 9128
-3964 6801
-7735 2623
-4649 4979
-9119 9393
-5483 9453
-2469 7456
-117 1452
-8148 9656
-6094 20
8
-3112 6298
-1467 4272
-7841 9437
-7565 4805
-6539 9785
-9477 5538
-3026 5271
-6472 3639
76
-4601 7862
-356 8458
-5379 8705
-1943 1057
-6735 1973
-9040 8560
-2657 5399
-1616 3867
-4864 2679
-6363 285
-2639 8069
-9844 7948
-8241 4765
-3942 9501
-9053 1209
-2739 7841
-7592 3713
-2115 9217
-8378 3188
-8978 7100
-2582 5543
-2915 2914
-6118 9976
-369 3525
-3639 9818
-5538 7895
-8100 6359
-7165 8170
-4139 3176
-1491 8434
-9963 2337
-5110 4588
-3862 882
-5671 2577
-9583 8214
-9630 9283
-2937 2327
-3427 3432
-1720 625
-9627 5056
-9757 1864
-2308 886
-9010 1319
-8936 5093
-9642 9131
-1430 7328
-3693 632
-2525 6030
-7866 605
-359 5392
-1811 8687
-549 9422
-3991 8993
-6147 1850
-2902 7284
-1632 899
-9332 689
-9083 6648
-6369 1943
-1670 9554
-2798 2614
-1046 6032
-4288 5023
-8164 1970
-4332 4140
-8398 7442
-8063 2987
-1780 4713
-9251 4512
-5571 6535
-360 6808
-8790 5174
-937 120
-7533 317
-329 8907
-2801 6323
27
-4298 8595
-3496 4446
-8330 6414
-2307 5361
-4952 2171
-7749 7766
-4220 2713
-5010 1060
-1545 8024
-4447 5424
-512 7520
-7090 1180
-2554 1037
-3361 5583
-4032 440
-3175 3062
-1538 1956
-283 4342
-850 6034
-3814 5183
-9345 3606
-3457 2183
-1707 5265
-5638 5648
-141 6435
-8608 1547
-6942 7657
22
-8312 5517
-4352 8358
-5005 4590
-5907 1356
-5059 9931
-477 3400
-7335 6751
-1762 3201
-1463 643
-1974 3137
-6592 6515
-1834 9187
-8798 3413
-3395 7121
-906 6824
-6022 773
-9749 262
-6011 7960
-114 2825
-3644 2536
-7600 6393
-60 9736
22
-6149 5509
-396 3435
-5665 9095
-4392 899
-4276 8419
-5979 7922
-1244 2790
-2932 3520
-5833 9605
-3830 8981
-5080 2329
-5083 4239
-4865 5375
-1012 9748
-7507 4251
-7442 5089
-2791 423
-7789 9405
-4307 8661
-2800 1864
-2061 2236
-747 7185
40
-8559 5846
-8580 4711
-3253 5355
-3169 4295
-1185 62
-8691 6470
-6900 555
-6828 3980
-9386 918
-8627 7520
-5326 5305
-9097 4061
-2424 1631
-8356 3780
-4427 1385
-8077 5647
-2168 1354
-7665 4896
-2483 1070
-4124 1740
-9411 6340
-1397 7443
-4831 9101
-9478 7741
-569 2895
-2756 6205
-2015 9561
-1875 1554
-734 8
-2190 1262
-2870 8637
-6174 2674
-6863 1668
-4759 9009
-9617 4312
-5707 2199
-8647 3203
-7515 4433
-8332 5369
-3793 6555
58
-901 1501
-1730 247
-9210 2319
-9525 1361
-131 5022
-1441 9607
-839 2731
-2076 3215
-877 5453
-4213 9036
-9314 742
-141 6037
-8724 5062
-4900 3056
-6649 995
-525 5495
-6390 5015
-1509 2256
-9243 4795
-8428 6657
-5845 9133
-8327 9942
-7481 7305
-7554 1354
-9939 6831
-1040 4244
-909 4968
-1797 1681
-5413 1995
-7855 5224
-3913 2212
-2341 2875
-5819 73
-9791 2346
-9625 9410
-9216 9596
-9004 5023
-4783 892
-3227 2212
-1296 8146
-189 5302
-1397 7159
-6318 4806
-4137 9216
-7956 1688
-9377 7554
-9208 8621
-7887 5456
-1139 3980
-9757 1440
-4238 5643
-7370 5210
-2759 4664
-6080 2036
-4954 1042
-7596 5116
-4109 8025
-5586 2887
24
-2860 9955
-6646 6065
-9149 2826
-3756 7026
-8966 9377
-7230 8725
-851 4261
-4970 2711
-4904 9704
-2463 8659
-7500 4775
-227 7257
-6937 7080
-9979 9914
-8682 702
-3483 5523
-8416 2800
-973 9577
-6519 3116
-780 3139
-9421 6722
-709 4121
-9887 2795
-6413 1264
63
-2481 3480
-2765 9186
-4444 7766
-1618 1927
-1624 5408
-5986 2908
-3011 3356
-9214 1798
-7224 3657
-2709 9914
-3817 9716
-9585 989
-9576 2376
-3672 9611
-9341 6932
-5786 732
-3564 9583
-8116 3899
-5386 807
-8693 2236
-6804 414
-8553 5260
-8791 6265
-4584 7419
-371 4286
-697 3805
-1930 6265
-7048 902
-6031 5538
-9144 6676
-6929 1757
-2267 4668
-9304 2496
-4622 9741
-146 5316
-5987 4369
-741 7040
-1733 9434
-3888 6809
-972 2304
-373 3492
-1444 9884
-8567 3475
-8954 1995
-9167 6563
-7151 803
-3058 3178
-3328 9294
-8683 6325
-6830 9934
-1161 1421
-3956 9584
-9014 1933
-2623 5500
-6277 4020
-900 6958
-6058 1114
-9250 4819
-4578 2739
-6494 4979
-5152 9898
-7318 1040
-7938 3607
22
-7672 4969
-6743 3009
-7096 8147
-5713 1801
-6317 6705
-4458 1723
-919 1215
-6177 4855
-4555 924
-4553 2712
-7041 6580
-5222 7434
-7820 1890
-6456 5365
-1896 2920
-3405 1407
-2995 6770
-9769 7549
-9422 2844
-3958 7804
-6969 1059
-580 8568
69
-6758 6741
-2405 8081
-4306 6688
-834 4798
-1967 2685
-905 5483
-2919 7934
-5057 434
-9766 2913
-2856 2056
-5737 3154
-5170 4694
-2239 2661
-630 3201
-3802 9774
-5673 8598
-3188 790
-3524 7763
-3863 3180
-4821 9311
-3152 3039
-3096 2428
-2720 4936
-2549 977
-9536 6082
-7267 4535
-2447 9077
-29 5840
-6739 4266
-8419 1292
-4629 8772
-3955 6723
-8880 7045
-9938 9805
-8079 6614
-3824 5028
-6921 9615
-1111 8262
-9221 8165
-722 4169
-5741 4020
-857 3761
-1456 4651
-1732 6632
-7382 879
-9744 722
-4665 9960
-1469 3923
-5098 2063
-427 1799
-7015 5387
-6414 3236
-1472 5980
-6516 491
-30 2756
-2729 4207
-7965 1350
-9897 8770
-6930 2605
-4596 3749
-2622 405
-7656 2468
-8579 7735
-7014 8214
-132 5473
-7394 7137
-1577 2833
-9514 703
-4886 3698
91
-300 572
-6383 9910
-9959 5541
-8080 8370
-9458 3331
-9585 5746
-9546 48
-3173 9884
-606 1247
-7691 7588
-619 2517
-8169 6219
-1518 6578
-5916 619
-1955 9395
-3737 5204
-767 1308
-7671 5763
-1422 6592
-497 3200
-9158 3356
-343 5650
-3399 8416
-6285 9975
-906 2
-972 5583
-8587 4637
-8674 1279
-8886 4547
-7988 5460
-4577 6524
-4211 3139
-264 6806
-1517 2992
-4511 8580
-7214 9778
-8818 7605
-6933 5644
-2471 6353
-3256 4234
-707 6296
-1694 8231
-8642 3146
-7609 5291
-902 4839
-4646 2711
-3054 8840
-7524 9769
-2177 82
-3059 2666
-6232 6115
-4514 9261
-3458 2468
-8465 9188
-1178 5522
-8348 3692
-2602 4548
-2994 6327
-9871 1795
-502 4594
-8918 3894
-2119 4404
-2724 280
-7586 8092
-8491 1576
-7974 6159
-3958 4989
-121 8638
-4325 5686
-4587 9743
-439 9136
-3714 5480
-1899 1643
-1965 1797
-4412 7814
-2768 7511
-3664 8605
-8804 9667
-9577 7349
-5345 3920
-6562 6929
-3401 2016
-7358 6315
-1946 8552
-4800 3456
-9428 2109
-1499 8107
-732 6329
-5213 9410
-3343 247
-9933 6486
67
-1056 7262
-5429 4335
-156 8837
-1055 8961
-229 1042
-801 7293
-5945 8946
-2036 4376
-8750 2475
-1454 5987
-2110 1695
-1792 6557
-7741 8701
-295 8137
-2704 5991
-9811 7020
-5249 1458
-4131 1439
-3006 8104
-3929 5904
-1618 7171
-2130 893
-1981 7832
-7986 6346
-6552 5000
-3580 4403
-163 3387
-4325 4135
-9050 8023
-9139 4002
-3102 8156
-6939 6956
-5236 8868
-5183 9286
-7447 1833
-4270 6085
-7343 8776
-155 2822
-1547 2444
-4572 5663
-7460 5145
-1097 9081
-1221 9045
-8690 1684
-403 6797
-4748 7346
-470 8245
-1606 8662
-8018 8496
-6335 8697
-975 4418
-5869 7965
-8609 3914
-4241 1882
-1411 5694
-9150 290
-9316 5671
-6156 3741
-7531 5028
-4997 6495
-8652 4683
-141 2990
-1288 287
-3181 3770
-6922 1848
-8530 3020
-9516 8183
100
-5417 847
-4759 8060
-6416 73
-3723 4827
-7733 4846
-5518 8343
-3522 1833
-3567 8786
-8200 8794
-9175 5842
-4255 9060
-3041 9548
-130 548
-6020 7577
-7590 4504
-5647 431
-4969 3430
-8592 9552
-1011 3031
-6653 5449
-8547 8852
-4842 8523
-7358 2104
-406 2074
-5022 7119
-7650 8925
-2990 8282
-846 3104
-1457 7998
-8795 5541
-8813 3194
-9789 4631
-1829 7196
-9660 7795
-4731 2605
-6775 2652
-4705 8670
-2155 6463
-1063 7691
-2268 4242
-4678 3022
-65 4878
-8038 6646
-9276 8481
-6252 7776
-7285 2190
-9113 4067
-6274 1615
-7634 7496
-6863 838
-110 8882
-9913 8075
-4418 6279
-2267 6827
-2573 3318
-914 3061
-2035 6145
-4491 4627
-2561 2827
-8955 4161
-4415 6771
-8671 4485
-9926 13
-3668 3506
-7746 6303
-8966 2418
-4521 9430
-547 3443
-5091 8641
-2377 4323
-9580 4534
-7707 792
-9895 8997
-6952 2169
-142 5301
-9105 78
-9866 7848
-1874 412
-2057 2330
-9106 1060
-5794 948
-4952 6164
-9432 5199
-6651 8091
-8541 3412
-833 4618
-8759 5799
-330 8128
-5634 3883
-8595 9846
-5402 5382
-876 8464
-6096 9845
-4068 6611
-6347 5254
-2804 3707
-6869 580
-7728 4286
-3086 2822
-291 594
29
-9549 7781
-5956 4494
-5621 1957
-746 3666
-3913 8703
-8331 8541
-1585 2270
-2262 5714
-8738 4090
-9567 8623
-5490 7052
-5973 1127
-8056 8367
-4188 9993
-7234 8813
-2477 3764
-8733 858
-5752 3642
-3674 4028
-1449 4332
-6920 7130
-1213 7444
-5341 5715
-3273 9621
-3832 8343
-4567 3611
-4479 1038
-1005 5940
-3098 5897
53
-3762 9259
-993 4764
-7846 7947
-9714 1812
-6266 2580
-8157 5344
-9344 4134
-9456 5650
-7863 6842
-3091 5358
-5085 1747
-1894 4168
-2214 9854
-1685 7205
-8376 7542
-1326 7744
-1234 636
-3328 4783
-6502 4817
-7242 7170
-520 929
-1164 6176
-2155 6192
-2975 9886
-4825 8800
-1211 4008
-8231 2776
-7148 3156
-468 6381
-5951 9970
-8414 6613
-5720 3395
-6555 4773
-6492 2258
-4243 7163
-1357 9457
-5934 1769
-3789 1575
-1325 7914
-7152 2718
-61 5183
-893 297
-506 3247
-6133 3472
-7316 7100
-4104 7181
-2964 4890
-6043 2445
-5929 4551
-8097 3378
-3257 2628
-7866 2074
-6941 4499
89
-2103 2794
-8583 7207
-1733 844
-8244 2520
-7946 7082
-3345 1154
-1032 5082
-4438 5606
-8462 351
-6953 6986
-4317 3001
-2884 5395
-4456 1676
-1789 99
-7207 5049
-5736 4515
-4132 5402
-9015 3623
-3791 6834
-1525 9294
-9267 8699
-3059 8474
-3882 8228
-1917 238
-7504 2081
-2295 4666
-4315 5126
-5108 7764
-7930 6299
-7918 3671
-3768 525
-1017 628
-3668 1401
-5148 2910
-4712 4801
-6330 850
-7885 5803
-8145 3081
-3120 4518
-8219 6032
-9517 7599
-1600 8441
-5623 4415
-3090 2166
-9191 4238
-2554 7526
-5915 1543
-1545 861
-481 1234
-38 7142
-3893 4625
-5035 2
-2290 6791
-389 3989
-9360 2334
-4305 7382
-7584 590
-1638 1862
-860 4978
-3347 8166
-6087 7914
-8862 5320
-6481 9702
-5875 7087
-6414 5920
-3825 2771
-8408 8782
-44 1457
-7133 1882
-4634 3374
-1343 1178
-6792 2245
-707 8192
-3123 7410
-2427 3218
-9617 2005
-7261 2314
-2222 1635
-7907 782
-6071 6240
-869 340
-8172 8136
-7233 424
-1553 8460
-7459 2250
-7783 8215
-978 2143
-885 6285
-8495 7236
23
-3108 4433
-6308 6459
-3350 5184
-4706 5223
-957 5638
-6626 6954
-3584 2513
-6141 4481
-7334 4838
-7489 8416
-4283 360
-7922 8295
-1756 7387
-3841 9847
-7309 4283
-8342 232
-8938 2022
-9748 3681
-9792 4024
-6130 4761
-5391 5920
-9171 1052
-6044 5954
33
-1588 1019
-662 2
-9902 4820
-2326 838
-8826 6691
-9207 2411
-3647 6233
-2294 6954
-4638 7103
-8512 3249
-4866 4488
-3798 7459
-1449 944
-2014 5936
-2392 5749
-9870 9770
-4452 551
-9114 6896
-3400 5584
-6665 9707
-9950 6167
-631 4128
-8667 4331
-5596 4863
-8282 9616
-9592 1714
-1139 8898
-8019 4297
-1664 9120
-1448 8988
-6463 2184
-3233 5787
-71 4483
81
-890 3604
-5767 7854
-7776 538
-1019 9215
-9606 8923
-1451 374
-1591 2664
-8453 6908
-938 8818
-7010 9658
-8510 1778
-4110 6470
-9129 1240
-3419 2239
-7493 8218
-2030 7301
-5917 8441
-5467 2076
-683 7748
-8531 7459
-8831 9717
-4887 670
-2635 9484
-7520 2486
-2878 518
-2593 9749
-4600 121
-8475 8248
-9575 2589
-7029 6159
-4033 7778
-4148 9319
-8017 7604
-2488 7795
-3890 2608
-5705 8761
-937 3511
-7383 7477
-8427 921
-9108 5237
-5684 7500
-1011 4097
-5416 4507
-1739 3170
-5846 6506
-8686 8511
-7578 6635
-8817 1389
-2073 4881
-9494 7171
-4238 3515
-7493 2905
-9402 5718
-8278 2830
-1948 6305
-5962 1582
-7896 6083
-7927 4555
-948 7757
-7278 7792
-976 7474
-6548 6876
-164 1501
-2679 197
-8672 2674
-142 9633
-8988 5630
-9982 2074
-7505 3286
-4978 4157
-5571 1375
-184 6317
-5952 451
-3492 3307
-4834 3464
-2930 7848
-8440 7111
-3412 6063
-173 8084
-4836 4798
-6346 9870
