100
98
-38272040 33860546
51169769 -94155045
14107027 -27538889
28098782 -66030767
55530708 3580974
22052299 57331406
67147878 55079179
-49229597 -71190069
15285857 80432489
-81461335 -26858613
-99003252 17412225
97803061 -60450506
53084378 -42879811
18267098 12391562
17162207 -17527277
-41290507 -83700421
-4466552 86354324
-68799763 93149776
67631403 -20168228
33099434 -42532359
-87283365 -73340354
93081537 77206861
-30474954 47707094
-47909655 -91434282
-7063003 6043086
-31793429 -6297495
-15157293 -68893910
-3636683 -39917199
-54481949 13053336
42031497 65502221
-36216793 9999462
2869952 28807263
-72804688 -85079876
-61316627 -36125032
-12904979 58589272
-27376082 4956102
4387179 11666537
52065443 -21856878
70908395 78233774
94207457 -87262469
-74516415 -14682384
43553828 -94104200
98318878 -29305530
39943362 -83677905
-58169715 76519566
-427638 -84369575
-5595953 -93149165
45611637 16502248
31520190 94424941
81257093 -78637814
57748856 -95010217
33834395 -52467533
38367977 -25396444
-38420230 67635541
-75975938 -63042014
29578161 81113936
1522341 -76538006
84983989 72100242
42677432 -7051227
-85440561 -70603756
26011189 -3505078
-54966602 -51810210
2741862 -58858999
-97242228 -54638222
71999231 62354635
-55011049 52167834
-31127574 1364893
45808764 -92752243
-95090108 51637921
77115662 -20958101
63407452 53197694
-53554269 64579615
35587309 11409710
-16701624 -9634032
77777628 17085514
67880584 40135523
8004114 18639993
35681378 91261430
98002925 -63317035
91833707 -68744422
-12870596 93541117
88482309 10458053
56472587 6916760
22972058 -27200143
-83287822 47937840
-38858055 -20749077
-74792768 4395158
-90766412 -29657719
67074189 18310440
63917316 -3027928
18344315 95639381
-78247114 -55172990
46538235 27436702
-47020389 -244226
14787596 -65204460
-71036852 -53205790
18335136 42589782
-46033295 -31400243
85
54545371 -4855360
98108502 5804497
77213245 18143948
-86094031 -41912750
-44691413 -17951041
16226389 -35009520
61891107 -41839333
52915292 -51686140
-2651893 -82526770
-8261415 47432590
-83520670 61564884
81241675 -71421781
26292667 75855055
61322935 1950615
36888093 -8615863
-91812057 5201738
-98611584 76830816
46703337 53150021
6769547 14540088
-69504019 14744633
45949735 -19208545
89233658 -55144068
97098516 88443414
-83108353 77021860
-55771712 71432193
77915668 -25122652
78095271 -77980205
-43222188 -45470475
55999294 95704431
92516320 -55125853
24639513 37436779
28676239 23080844
-64712928 93673326
-32685360 -80809796
-39186951 -13928794
-67593692 60834301
28574653 84435445
-9038647 59804438
-11466028 -61253400
-9588804 62492845
76586683 -67696038
-39233698 37159262
-47669487 -396286
37300884 -97318933
26134047 -35786385
-26269631 94643389
-8628453 -48918426
4860876 -26312266
-92958713 -65524708
-85978818 44107477
-26086503 24151084
-16935768 -26135585
34957560 5294792
10141067 14632069
-79851973 -27752841
-3263492 -21041415
-82846808 34735959
94143260 87843589
11522714 11208425
-55303756 -36146102
16543233 -66561178
-42752359 12658830
-69959688 48759217
-66864832 80161702
-47775875 -60188526
-83640458 99171940
-6436845 -35784908
47304989 81181091
-5420301 72624618
-93608721 4214282
18323287 57929463
-9729200 23061102
-73998909 58308957
-54628107 -30513586
-48273863 -50376596
-97544891 53614538
78152043 -44097962
-63266809 -40084408
47592695 -27034414
89223885 -52003495
-35909322 -98061916
-35593654 -6463695
17268736 77853409
26782101 -63263074
-50449185 99061682
1
95423056 3576762
40
90666478 75155522
66118466 -43748621
-58472676 -67736215
95976453 63269243
6427991 -82942987
349225 -42307909
-80125075 9486427
99923889 12360885
-25647410 -59884338
-7230851 93679853
34345525 -85591531
-71315865 95687371
-37895631 4734146
97897877 -11118654
-50192586 -10932946
-50164495 71270064
-71127305 -32082533
77593743 -54330180
-88031646 -42332657
-38389230 -39896021
-81446578 -26110196
-38902345 73500628
31211528 63007981
55439466 -14499935
-82084511 44682627
-61036175 85733916
19768448 38297831
-36277222 -59307077
-34803612 16650535
62712586 76336921
-55094793 17842848
16066729 59127101
-1953585 56520368
-13036047 60876526
-18413419 40901937
-24085984 23595005
-98607957 -39275666
97763980 41104943
-24920594 -10450517
55854913 -49325036
56
91773890 -38312931
87407889 26387760
69654261 39741702
16605544 55871475
-44040532 -1407884
-84788470 -4589790
3081391 -7250999
60595705 -6888925
-29626793 45099187
-76732624 -84851185
83484854 60124971
-33790200 -27024416
-81669446 76331085
16416373 -89741688
-80818987 -73686971
-86240010 77834392
-20832766 -5205421
88350369 95963577
-56887456 -13942174
21232398 -11326006
8254295 36914814
-71302360 -98012661
-23617011 -59832947
-3165247 -26069391
-4374362 59743874
47497412 94838589
54131955 32766887
-91676553 3069639
-95600167 72769587
-40201898 -69042454
-93227946 -49769390
-71744543 63508438
28903835 29553675
-19845306 13912778
-86731744 -82191
84436166 49652415
-22836595 48425209
-79412984 6602338
-37692132 -45116233
36612295 -48591494
-76749279 84493373
28833482 1540153
65989562 -67464743
-15626796 -88074814
-18929954 -90566499
-21072538 87749005
-89823806 -5542226
14093382 96597526
-43119608 78869575
-59639164 29230121
-18355235 9426384
-23858152 87348836
-8939532 15765555
-61017208 -28304646
-87370382 -46080577
36451097 61228416
67
-73280957 -40815456
36765209 65243690
46237565 78858480
-42829317 -44069835
41281704 -62469855
-62896824 72021989
48379190 1949888
-85546401 -43092114
-94889664 -87911140
-94616946 -73444062
78250752 -39255293
66037927 -4252736
84658749 97051767
-63188139 73756011
94557855 -82331819
-57097395 -7175231
-25778530 66256407
-50505813 27502933
-5124894 96828375
57804091 16189952
-38607336 -76430540
42394146 93354072
-72947837 49675565
-5132897 -16776340
47842165 -39827259
11750291 29069102
-18767755 86327201
-52390646 46451925
61321128 -23988032
44992483 9507159
-59978561 -19844563
3144354 -42831642
-46120988 8592477
-51876041 -75105225
-16789561 26541600
88351178 -54127193
-29132126 -24085775
32057466 -22811720
76762156 87197779
-37559064 -44500617
-86017533 -6232751
-51527250 -49230459
-3483665 -83776260
-30796941 -13117840
96641857 -45651549
83542472 74312622
-29022063 -71830511
-55289122 21683502
27636132 13095953
98032309 76672755
-51323453 7829574
-53629447 -71832609
-32340530 19298284
70385580 88591273
13833166 84593629
5058301 -16965828
77862864 18967752
-33760439 81015044
95023865 -76033407
-81735911 59501361
-69404424 -25290467
15622826 -54072705
-63300324 -34088389
78975418 24111108
53113077 -600309
88749432 -84601283
-77761390 27729067
5
-52312422 -30525511
-81766441 -20282621
48385118 -94660135
-14662830 95545311
82968421 67597737
25
-92130072 22384779
-15415379 -19992151
-81665246 3136438
53272898 44131822
-56768918 11930967
-84257840 8946529
3942043 85486287
64301706 -27229251
-35834511 -2839085
34777358 -21378003
-45318659 90826151
-77264457 24001317
-94707421 -44255582
97796056 -24455050
-19957288 13641524
-28285665 -19282225
-7617857 95512876
-14348516 99246621
38204021 -52606023
90448990 -46824790
-45240487 94240485
-948208 88267352
-11898737 -71758233
-6616827 -35202431
-66007307 40248541
1
94675740 47794504
51
84670941 54487665
-72501942 -49290799
35264954 65015223
-38265122 59673284
23012669 -54655309
18945810 81488338
70834085 51827126
4475401 81694100
-8401358 45548164
24171542 -80970002
-68109406 -7826422
-53371699 62529753
93847578 -18087396
68715232 65512518
-68135774 50391205
77266840 61787541
-27404886 70895548
74872963 32875109
-72511326 -69574839
-15548574 61951243
-12873984 -3924332
77039038 -15350790
99389532 -13671663
-81342832 52465458
-3297777 8954788
-9058022 -93132927
3136737 42957719
73675772 45602093
13963601 2536463
38112504 61425068
83947521 88426884
62827679 63626477
-84913097 52583258
-3165708 90838526
-62295835 -71818634
-66787095 -62554233
-23500625 -5180228
-45072772 -76738911
41024780 42422232
-15422707 71185282
92094133 -74359098
-57269039 -37864059
66186155 -40224539
24250541 40171033
-65893696 -15796802
-5307534 -76498901
-49462782 50424585
-35022434 -57151452
-6360831 -9006423
78324682 -46244448
-12971606 -63752592
37
-5772187 -74775458
-33964970 60969494
-5976917 -74105804
-69971843 -98550564
-3689926 58139648
81157360 74206941
-2261305 -47330344
-36929587 -78631372
-17468718 -70705216
-89833435 -8392783
-99370773 -78924340
61355467 -13187043
99750177 -55842309
83245447 46526525
59406247 17123149
-17408861 -90810432
22746272 54274380
-48631933 -59238699
-56207567 -49026380
12631909 78562335
43579313 67857854
-83652918 -67689533
66566432 -82754628
-77862179 -11148429
-93235479 1908709
86120907 31553590
-55391167 23916858
-11848083 87857460
20904879 30558018
35074379 -61355282
13503650 -61470965
-29195607 -3023116
-11944337 10605381
-93427343 -40577350
-77608880 67243880
-39422526 -6924728
99800547 85758203
42
89645189 28081416
38793483 -99220229
22289116 12032213
-16958878 -50556161
93430319 93411048
-39685552 -43991125
-89916257 -41334397
20903367 90457248
69254496 99214847
-67224491 69438188
-31425199 -51982290
30410278 -9138304
43918131 18583850
61128446 -44158763
21689735 78746639
-54819306 -26543434
62885171 88558091
-91387047 -58463468
-66649342 -43983301
41192741 -88783002
-92263656 -18593416
-16373763 -70281391
-19244038 -35284831
22369762 -27232970
-11537189 -77148854
91637698 20735825
-61324491 52720556
-98946977 69228580
68687149 -4228956
45377459 -47929294
22147962 -4610857
53813467 16892454
-14133877 -22481846
89762389 18921293
-83564889 36386236
-79801868 36233930
-39554946 31498635
25020279 65492968
-80475781 45144274
-81885522 -59497625
-91060081 -2133990
-61950051 36223253
7
95412739 7467078
18166040 -5189875
-85499777 8915151
-42643040 16871845
-18536147 -55733460
90321512 -97898801
-54956170 67130147
51
-22720668 -89158255
75774171 19746439
-25691959 21737716
13506601 66739539
-74391674 1967988
-93013659 65551117
-68134532 -40482869
74631488 -68718820
86986060 65755968
45229714 74757608
-35586725 -54994368
-63559335 -51591474
-80915715 10877054
-59602461 -21810880
-23253436 32072887
-5976376 -99364559
-80850652 39566428
33360722 91703251
-3408524 73429046
44397196 79629166
-2334283 -98072449
17979362 -2159861
-18278037 16106859
-6170977 -91571630
-42967548 -97768884
-51760409 95692940
20413433 94020049
-3858688 87408181
-30816825 -75249332
4978311 -5157941
-99978015 95329690
-66403789 -77012961
-83103686 -86180998
15101988 -78467962
23136461 61006228
96062312 -18335904
46348262 3844514
49639842 53936342
-70891528 89439220
-55984500 34701344
93717575 -79578374
39064480 7111462
6983226 -26146583
-92034563 70960196
96221102 82078351
-64771173 61721278
-92119395 -66481489
53038644 -30953932
-26130972 -79005047
-75359339 -65287425
97798304 66195168
51
-48919400 87095497
35945009 -15622221
91998081 73755418
90057127 -46120488
36471640 16524048
36969704 -87323707
-94500054 94862148
13284453 -85616800
-36581069 -59469894
51076095 36105358
-50041773 45118343
-56840117 54906947
98807513 56637289
64253393 -45297458
14794657 77855406
23226256 -48661179
-12104171 -73442876
-62058299 39702967
-46921623 6977451
-17444324 89561708
-22823440 -14296243
-34359076 20309355
-10990123 -45296131
87528729 -1307368
33485186 -36179134
-87032862 49818942
-44910085 79620751
-46680395 -4395287
-29159744 -5789997
-46375354 42002091
-36194845 -30175705
48504060 -20667530
-75648620 -61235457
92416590 -15218904
-4369596 51259156
-97233329 9499342
-37717518 -79329201
18721992 64325766
30248632 -71091506
-8217009 39581014
50970324 46535289
94262893 -91335786
-8171948 -54127055
80817055 33876307
52247097 -43052082
40097616 53783438
10960488 -70866124
69563860 69349600
30793514 39329980
-56141001 57018046
-86902577 -87450492
85
65651946 -74635536
-24834844 -989642
-49357291 -40025541
-19179148 64286295
-84247593 -4683683
59650553 -23441266
-95547359 -85041780
-21331936 -85308983
77386035 38963771
-80644446 84104768
-43299908 80646061
27307392 25624439
-33232085 26361022
58276995 -58667199
18646709 54433403
-855131 35006375
-56182575 -98410243
3261644 88881813
53093453 92931552
65751751 94515492
87345239 -44214807
-98190427 -21270229
-72829491 -5037770
1821684 33528682
33685571 23824455
34663165 -61098338
79640039 -88094086
-83525483 44910440
-54335679 -97778394
-90127611 42220678
2267386 53014520
63989221 -2820223
-1161180 -68447789
79185404 -9994041
66348398 63110557
4072391 47146439
-17459205 -87085853
-97903069 29824654
-26552800 24430559
-64361475 47430905
23892094 -23516517
-59981328 1516904
-31383738 47425472
94512730 -27775021
72008290 -85198985
-28925996 63395681
39990467 51704004
-21480888 72494423
-33645427 52794683
-63343424 21817225
-69360553 -89322291
-27165899 596650
-28994914 91824555
-39098506 -56523156
94857036 81878250
-71296612 67812268
38936516 54889078
28443178 91337015
-91126032 -6369964
-1950989 -688721
-26403623 -67240234
23098461 17124290
-64592664 -41989516
81607075 76012185
-15799615 -54142368
-45665150 20799612
-83632000 -77590896
90804910 67051746
-93528303 -29756328
20074440 47144128
-49656833 -68923634
-83065535 82823799
-41789827 -52843812
53469603 -92923348
80685967 80734375
-44275673 34160935
-89523673 -58995347
16081983 68173219
62741154 20683522
-41519267 -12467257
-53577009 -7166475
-3625226 7583321
-69998992 48305328
53480065 84952883
82672823 17711752
68
28378296 -79060591
-21021821 31011008
-23262123 -71566904
37176431 -50120333
96505579 -21502210
-71414450 -14525749
21362714 77167076
-83555621 -60645432
64211299 -69845292
41936273 47606358
84702339 -76275836
93418025 25528204
81010084 -9838216
-48718517 97274036
22771658 -83329166
82761066 72202103
60503049 -79194784
31445757 -2045031
-3387982 43767823
66636194 24880227
-34092835 -75330628
39412542 9334085
-67425549 -65351177
99858366 89388990
6267765 -97967980
-27881803 64472952
-17887607 -21254085
86579299 -76504664
5312019 58805039
-49921948 50951534
-99156828 -82237949
77456054 -48655732
-21091957 -38985909
-76362830 68089265
-5079445 42859798
25751861 6554425
99511328 -99544302
39077979 -11231669
5445682 -52996492
-97240762 -2087305
-93684317 -76834080
8780468 15032344
-54282735 -68393407
22636177 6953643
-63019647 56260881
-54656083 -14261255
59283882 -64087153
15899436 68976784
6535313 29286168
-81454846 -97287443
61139315 59503604
41617887 -40498289
42057863 -12282287
-67425878 -52131996
-33930966 41188960
-47229824 -84776717
-90189505 -24021781
-51185116 -11516919
-77558942 -48896377
-19735489 64650724
74489087 -60744186
28792002 -39735050
57353121 20887377
97703946 -56919021
85565182 -32114670
64303232 44207105
-2841636 -49070716
21070826 -97025194
81
-20260331 5376160
-52877547 -23623095
76814621 29363475
-43724780 -35946453
76596144 5676289
91650096 -30480333
-13887381 37805089
43965635 31249611
-9470041 -83767715
37031407 -70315906
26164756 -71448848
44600062 34141921
-71745735 39272430
-61878666 -50954898
-33232984 16252101
-99692101 -61882992
-32584620 62042103
-58171719 53096595
-70979719 -73618587
-49784891 -53386423
10207578 77690626
-73885765 71445316
-34453271 -7629056
52832599 80412203
-28574822 69858642
81217591 14763358
53456289 -90536923
-20893141 -48834857
95872037 6121779
51233723 61925430
-37272572 55924792
-2056330 -54180140
51648427 80172181
41739297 3761455
-57870173 67685606
-10402722 82834855
-76606101 80210353
-22632311 -9711070
-17447024 -58966427
-44238355 -66475404
82857597 97759639
-78916127 11891379
-3291998 -58043924
-6569321 -94565324
-5184444 -70253667
46649831 34315709
6901140 -5765236
51411295 -5969819
79944863 -98204550
42684818 -55949124
42389494 -31644
3918384 53625333
91284965 62943550
-79350903 76191466
68693308 4249085
7373690 -42706043
-62835899 -19123640
75992042 -85204276
-42074972 63343406
-32015645 -40684610
-25849367 -96808767
56709115 68615761
-98338162 -50041859
-62813054 8790005
-83426595 -71627649
-27780888 39215597
-90199327 73493290
-53950146 -9694864
43929204 -96436644
-26004615 -84688894
-56589842 -25895415
-52578932 66900180
-2015948 69676421
-18414613 -26455250
53847868 91713146
-60178058 85790538
-69316865 11718917
93496281 -28965267
-99573284 38964484
42157383 -26628996
74422376 17080683
88
-22173754 66302247
-16349799 50467195
64396491 90397086
10632771 58813937
19718079 97276740
48738967 -5733788
59224910 15889336
72418209 68473006
-40996061 -21468503
90298561 39256820
44716722 7339404
73861492 -24259378
-84466443 49187895
63500061 66463375
1945213 -99782691
75235915 -90766521
-55680485 -47439535
14072648 33449162
-90781855 -43945674
-73684539 -36224866
-23886821 7449378
-53957851 -50877943
-47018233 -83705309
-6072911 77270748
-18249118 14020579
50787849 72394845
41917277 -79308122
2663155 -32930761
89993035 -30042500
-77755168 57131497
-91080351 61665161
28293297 -94884050
-1501059 90381604
-24958944 -28705941
-77544955 -19896959
-72136514 -97769041
94379859 51399008
39901412 34069719
-91591640 43919381
-30126891 51161292
-73189509 -5229143
-94630718 -2673843
-84951198 -62440493
-76795753 -49031519
61392704 84989885
13025994 28571389
-98341131 28219719
-4682302 68809394
64521466 48883653
-89630828 -66015504
-22520199 -80831336
-56622626 13029155
-20510036 7885859
80813733 77577249
-41967913 89864650
18635210 -64422900
-27397011 -56365020
30018616 -41905568
-904412 -20792643
29747465 -81463219
-30511954 -24603645
42483067 -78497519
-46653077 26057992
-9252543 39732997
-53899221 63276224
12396998 -61593896
-88356405 9241782
51328721 -77300706
48309591 73300016
74953340 -34401836
-52896154 24786632
48411281 9676510
51066161 3663474
1258741 -97469639
15282147 -80371921
-41518784 84525407
48896057 58326980
-89358805 -1714161
-11319975 78721252
50141557 -89620287
-15036299 37740911
-47055997 -70913820
13055804 81362164
-27590893 45158935
23726764 28200996
99106508 -6689432
-57167800 37769291
87984998 -80053276
60
62011233 72052424
-97762598 -37452140
-59146669 -63531771
-20376227 17698492
1851023 33405025
-88403085 -69316482
-89883653 94016475
-91238039 -51515296
5107941 52942971
-55180620 13147877
-93435417 -40983104
88801693 2995917
-15187738 44163007
83718464 -1932509
-32195071 28289167
-39090193 52773754
3110625 -41708869
-71154264 -67178432
-70265595 -37536703
62854465 24286259
72455831 45019690
-44465671 -60983252
-20521438 -19264487
63665098 -40190261
-44387933 51135531
48315658 -25801256
-31496426 -79407795
47365355 -79101176
-45656886 -10801746
79376307 -65826842
64272504 76730874
-64874282 77651754
-50643925 -1009581
-22235222 25672209
49239442 -96728515
-47171098 -1367985
25417119 -67593237
89444440 91795870
-92259132 -30128888
-43471781 -27904392
-58326443 5921821
-34182589 67018678
61680977 1918706
-80908101 -35444321
-39654054 -9582149
52130783 77957841
37631926 95006864
-14039866 -60017114
-30444121 -36858563
-82383315 26022502
-51666500 -7414887
-61392247 -10146341
-85293557 69558526
-14955072 54368826
93593112 -66073367
91019878 -34962292
60191183 -74573394
-14885685 50899741
-94175929 3141903
-73859287 66057156
15
-45999061 -40873595
-3937372 -54033319
66879344 80105113
51584716 69939064
39440240 -65730435
1438982 -42857020
-94290243 49439039
27110540 74483234
-76656613 99640021
68699420 -89054532
-70258583 -36018743
-21387063 -15235801
-65381215 -48786337
-36536975 69951392
-56393564 -57323693
54
42238888 77217656
-90375919 46034188
-31140234 55881998
29246773 43533502
61555068 31471097
-1705090 31217866
-61615136 18965591
-18451068 29609241
95514423 -54852456
45734203 148460
96293652 32238701
22561332 70405470
33085717 -29923105
-34016477 -17735165
12194721 42815604
22823616 -70783283
63933152 53395333
47317417 84441249
-94888913 -17791987
85961403 90448940
-14242664 -75018058
-22207508 94739490
59646924 -63963077
31207007 87311668
32052516 46794978
-44850336 92252102
68799444 -9493166
96006825 88755709
47832249 -21188049
34959431 3231561
-73336156 16815898
28798098 -3836637
-52146187 75101866
-31480869 -72461125
-97248128 4568215
11703338 7004033
-68434518 -46164602
54529709 72164228
59860134 87087919
27789401 -96625400
55717012 -42754805
6334065 -26752630
61171424 -82707568
18313974 32403564
61244199 -70723175
21617826 -82216128
-21728546 82863904
62542480 -14686401
25931715 -97207045
-65563292 65013332
55956428 -42959109
-35071227 -1941674
-4198430 24992064
88124938 -72077032
22
24954506 8360076
289072 84617612
-67769571 -69416601
16460709 -30742045
-68589221 -58222587
-37065637 19977248
46688818 38888194
-95557970 58700854
47107344 52983556
-36749126 65552013
-13780004 -50486465
69079219 -18123705
81959813 96798425
-72329219 -10682175
70931035 52309821
-35884278 -39972514
88626595 79416094
87425866 14313934
5114050 -42311630
42284814 98740237
-96138093 -82122014
-83193815 -91179743
96
-16433838 44163167
-2871768 84489241
77329463 34255512
-11517777 44474194
82135811 -1966158
-52103888 -15895214
38575887 19520925
-59920891 86075651
21895054 -27677922
72487682 33234684
64290700 -13064039
22831988 11068830
73133803 -72410449
-74765800 31790194
81877081 81827929
-49594417 -55612563
-83094202 -62010650
45888161 60167704
31581005 84252063
2138589 77969917
15404751 63691318
-43002093 -31012074
87233477 -36746415
-10463914 -5238819
2083874 -9903846
61023623 -26560818
-35139434 -99627229
59160616 47977670
-33455354 -60563599
-85316908 91119718
24829242 -18009010
-17566435 -33983979
80731021 -77746985
-25420524 -48388584
27603764 -68793441
64793392 -78204929
-17989964 -3452938
39996711 52772647
14022292 -93389800
-70402209 -72735100
60089065 -34819764
70123990 -63672594
19123432 -71994746
48791450 -52295869
-93011915 76928089
-73258260 -29943465
43296425 99916562
18002569 18334337
-27076524 44379620
33942443 87404286
28640639 47609530
-37399969 64203208
-89031800 976539
36038076 -5388606
76782546 6584657
-13614371 4461514
16510152 39514238
83275015 -2406098
46262142 -85542837
83146815 -69181835
-36703410 87877677
-58353944 -74451132
21605483 -31910717
79242319 63758069
-28785286 -57962331
-54859545 80578466
-26397810 -98978306
-39210323 -30537566
265121 29213841
37803745 -92174186
-2630944 91172491
-73501272 63707227
-25234006 52795091
39068862 90529522
68409586 -6999938
-89453886 -91056756
-53294211 -76361517
-63197283 -61032126
47866456 -45301996
5374741 -88273306
10065085 -78302927
-17879776 -77669429
43701960 -52485281
-96495064 -25285327
-67012846 1121898
-41814343 14296705
-74771833 7368181
19534355 6912116
-91245027 -19742464
-99852906 -67470120
-64894532 19902193
-29547533 -14679311
-50957416 -26481407
-9509161 -49951974
-32456907 56432071
-88163703 -7271171
90
-33842068 -48022654
99334289 -83809650
-98968407 -77446514
-14875108 -5295448
49734615 -3620233
-97148932 -92747002
48839255 -59554121
-6156606 -97386174
-54945213 -648611
-42943092 80705417
-54495685 -38295727
8674717 66379992
11025351 30533843
-76631439 -785539
-33933332 -60182416
-97165896 -99764198
-62586640 54261741
-61344144 78802277
36047098 25917892
98488754 -83133588
13431713 9286972
-16119786 -65438226
-2676645 -47158520
30203985 4628112
46989766 -99858532
-72757385 -28669871
-10354690 84596730
94161344 -60233969
28088881 16709651
95164235 -81659960
76956527 -39506370
51830454 59332202
27652620 -27034398
42807244 12199356
81605321 25969270
-62495165 80746899
86561432 66234352
49075311 -72278905
69295208 28581866
13516222 41228138
7880679 -12690899
-62866772 64369186
-43817144 -16909286
8289164 -53739002
85205884 -72096642
83201859 -30099899
94738557 27189191
16544523 -62616630
34281313 -71070095
15105535 -39594721
-30585602 73265512
-65169092 81383791
13184414 1167029
32791036 35347962
-52987770 -81488865
92539075 -95921446
-43412362 46517433
17311794 -50217203
87887950 -73120213
49171850 1826146
77843638 74010888
-86998809 14132307
-31098978 22305089
-28859620 -58683571
84761247 30438532
-43103442 25947643
-72623591 64070173
93578983 44972514
-58888473 54768444
19404029 -98465474
92506847 52516429
-52846787 -17009716
-1230988 38699461
12732804 -31107729
9740180 22728169
63139381 98754022
9297199 -38711248
-34265641 -90779702
-60181450 21463627
-93122739 61046735
-39720329 11363277
75666688 -446919
-82109754 -7706495
-97838887 43572133
75991133 -18918203
-84779003 -84443730
55445924 46274151
-80119353 81288581
-43992190 55894354
41897884 -91590341
50
25933383 -29044607
51776240 -83805745
98652722 -76019617
-21554615 69357465
65627738 -99176794
72341084 51951952
-37890572 44678222
63041212 33515331
-96885685 -34093553
43292145 74607659
-29097716 11145922
1258301 56838721
-28071509 73854549
4110840 -15739464
86404653 35598201
-70405297 51974498
99006891 -41640756
1682808 -72136331
-45096032 -84259921
43798457 64848908
84281207 -70958162
40405168 -51045612
10928457 -80779742
-21110440 59792065
-30780279 42423781
-74432968 -30815934
51569170 -75018282
-19447584 -90387647
65303572 -65870331
-21866687 64298907
65350874 38528525
-53416478 -70380698
-29094101 -54687809
90322483 30066403
86274130 -11633693
39063498 -90385255
-59370564 82687606
85620811 6608248
-48738545 57374536
37097543 79614063
12847655 -70952077
-23081570 -34250381
69122856 78470406
-61123628 -26201195
19979020 -25881973
15269708 -25253083
80817887 9371709
75833780 -65814271
-26761548 -63045965
-90644693 -91087874
68
-23057951 74057508
52839914 86193204
-28075367 -74174459
-61481604 -36883852
67201192 -68021876
-10116415 24064284
19053325 28653613
46334701 89187088
-27831029 -23618555
86247955 -93942859
-48165923 -47568441
45610469 57130470
-8779132 92308191
53537807 97633832
90457123 -75159397
-36363746 -85040225
13069481 47349180
-63934707 -12673692
47450860 83336852
59864982 3203424
-87577524 38426447
14454706 54628713
44402081 14390546
33639197 -76684286
-57098860 43433182
-79412903 -15637383
-36286597 -70278889
45312435 -22682190
40786534 28955767
49702861 11154415
7371795 97715439
-76907022 79577946
-58849371 70667988
-81869478 -74617353
89946959 -90539473
-72297970 -3495339
-82052859 56702675
20836697 -98920587
-54947362 83483556
-11733455 -47160569
-49901291 -17183536
-15461783 82260206
15678043 -78062076
-20930669 -67412366
-36602116 -53822687
52059750 -8837419
-76191010 -36579377
-61442710 23651673
-53921467 27018615
15976366 6959336
-91599374 -1376997
-88349975 75978135
74388847 -63914840
16480653 75376357
13744046 -44784479
-77332544 74279428
-98362099 87394880
84428008 94963785
-40153954 69148676
68638801 49192722
2177414 92013534
-21726010 14586523
35838922 24222496
-32678319 93193370
-44563989 -51365390
41866103 47424676
-19427107 -92384317
99848192 73892304
31
-63506857 39683644
95602705 20588133
88107371 -99792637
66465023 24085538
84091952 6891158
-95406443 61185328
44854227 -82411020
45076793 5030676
-3711893 64253835
-12151381 29866070
-43652277 -74080393
50116696 157928
-9402522 -31924220
-5100869 31362496
-56925160 76285952
-30500271 -79842418
27579496 68041366
-1246999 54807520
9044254 74284671
75960636 -20320544
-65740651 -66153599
-20351915 16331208
13642098 46835744
50913278 68944783
40304452 -7236426
92282490 20954381
8951896 35926547
-65251062 -90540209
55969145 18733688
32617012 -10459383
-51070687 39590099
41
8272523 65077440
-15189192 -96800566
-23395783 82381816
44956545 -89332391
-53609052 -77414528
34057308 -93938605
27420210 87360104
3445811 22133778
64494673 -51120284
-7815639 -18872579
64012078 42585090
69411962 -66456002
-6906070 -22696238
-45823903 58319083
-36034841 -60028989
-33793225 18160440
-32709710 39124607
-59544640 -67425667
75328329 -73110538
-75294372 -36282073
72822141 32475160
-30862845 25347360
26364037 56772830
-97391901 72031974
19337944 91055339
-20345155 -8335423
-38148582 56406767
56322430 7808208
96709420 45861752
81140625 89197086
-46387929 -815932
90388096 31210025
36661587 -62203200
-78312809 -78436229
-25468016 9127253
-34641338 86237608
84974690 -64619698
50739963 28734853
-21181497 -5352990
-91992138 -39805348
-31914339 -17226313
64
-47267781 4360106
-62381573 -84881262
90589547 47752482
-73106171 86741830
80204809 88443280
66496223 6305531
-56135877 92696051
8361250 -1667680
48283543 63409141
96996048 88556097
-81425287 80866429
-34446095 -28945040
33558998 -15149040
66160899 -2994455
-40413708 -55790292
1589868 33542970
19442151 -56918984
57893396 -76884380
92621425 -45377888
46113991 -30271100
21145087 95720540
-38488956 -59583198
-4189449 -78282549
46277839 -10795466
-77621194 27074697
40803239 69988701
-18076476 -37107057
1952929 61489939
95499878 -21199664
20768140 -36619787
16491019 -35620153
-62873908 -92467848
33927786 83377891
60564632 64573734
-72452438 -40816932
40811405 89057976
-30054705 37303035
-39367041 66412173
-56599476 -96805487
-72773223 -78369012
-52138293 75318374
-29261535 -96339063
-4495101 35625523
-70340980 89559710
-90123869 34702989
-25219707 33713953
40763559 16648071
69943808 -39438681
-1480460 -72011667
33042146 -36558512
-33040055 22870580
30001873 -68148583
93409286 -35503223
-94276356 -23556363
-77805985 89652291
77439750 -32559688
-7527804 -41385760
-16837283 17803239
34456609 -14295492
92819057 -7930406
89630026 -14991519
-16817391 96355671
34000540 -82078869
70385657 55818317
19
-30962577 78280015
5448038 -79690656
68867353 98815910
-33145436 -54654592
-7776742 22342514
1212887 -37108911
-46078648 21726105
446241 -44685681
94874155 61385824
-26364091 -92153357
88700452 -82084829
36373117 528377
-33815215 -94361096
-82379630 20507884
87164490 45241368
-72039330 99985849
62977742 32956092
898794 17124128
-27594986 -22165988
38
-89003620 -53152059
-19893866 -94141888
-22599966 220333
-29997508 37992506
-95465182 -81336492
22518971 -15681483
22528182 -24061035
-2004539 99076996
-83310189 36914768
-19295677 59127235
-44002417 21622336
2032211 -53862046
54684216 18449788
-67322508 -48388594
-13556567 62491885
28691115 -28570131
-64361936 -35122046
-88204402 31217529
45835626 -47531727
37355222 -99222272
-59770919 59627618
-98747280 -23439152
70265918 -4053041
-1079724 71243584
87890531 51936439
-16034277 -85824362
2940733 85295026
-12864775 92816718
-42632528 24552749
50503871 50146030
-79018231 55962466
48085619 -62030123
-49394043 39476003
-78718281 32853276
19322185 51977084
-86660433 70504796
32065419 12189936
518595 67973559
53
-72565311 -51490012
38878279 -59137378
21317623 87336076
-99470425 -82258556
25060970 -18666635
57959362 -88363845
68222583 -92067973
-2894727 28562190
32824269 -43056260
-37085552 28226977
-61972736 -11915656
54563197 9105457
-84991424 -37696767
-81701215 76899835
360837 -77365375
99585638 -82051985
-99969781 -51525262
67428803 93331314
24308738 23822527
38563746 30144258
-11134885 -7741383
75685684 -11213359
-2074248 -48377494
-60249182 50260960
-54075919 14726928
33085888 -25614127
64788694 -94220126
13506918 83015894
-1067772 -93270817
81037562 -78508353
40437586 19212791
-87008133 37416896
12685731 11191445
-96701719 -94184195
20693176 93435775
-4823179 -39834815
36471001 25560151
-59388905 34879751
-85852290 58311651
-94990788 46514606
88914918 937047
-30123445 -61656960
-28484615 98103631
-47344992 65312678
23893663 -41423255
34248058 704464
-37731328 40075261
2449765 -91449678
49144988 -32869289
71267328 33494173
-63600421 -45271889
62250180 -7373607
25823803 89039851
95
20193378 54574956
96197321 -202227
-85631750 -42463763
-63789175 78226778
-55708408 -3030393
5053594 75991805
-28269565 5281471
-11941609 -96638114
-80098145 91527720
79636141 8424498
52446027 74396616
-77237314 -27199223
-52964496 -15061081
82964815 -44629814
16803895 89442700
-54473764 -35900660
82789815 -40709840
79531862 -66034668
-62729691 3044303
93213973 28900539
-73234238 -824248
-5688650 -87707465
20901342 51885696
66092651 16455775
93200735 20548054
-69755236 -36955706
-54970549 59191908
-16509398 -22686574
-40142665 73617946
-83947286 97523972
-21587889 16935404
-10434353 58694923
35390728 90350768
77870168 80493823
17500388 89967374
-49005567 15310497
7501835 -61174070
-35061316 -99094334
55421058 54066388
-69171120 23485350
38443735 -39891193
-38914742 -47068348
82201135 6874784
-848428 3486253
-34277472 -66513975
-48685232 -57719733
-40439296 63654989
-30560483 -42869926
82652 -68460157
-64686787 95525566
-58399121 -66327456
-27871133 -72745301
58519892 -92268287
-10525836 -84148617
41541261 50961153
80671207 -26421655
23549779 -41546229
-45067144 2094961
-81174811 43089420
-74782751 -22640624
-69462883 22073929
-60600511 28890588
-71499820 4605042
-53137119 13411610
-34249975 -8724953
25700582 -46691498
84210078 94714720
96385919 -96197524
49001061 98433488
85409149 -18038277
-33804362 42755809
-5686134 -39333203
-42649540 19889416
79604623 92343974
17993120 94804623
15481182 81728521
-25153988 75408892
13668232 -90636928
69624493 -79418586
-9412669 68894424
14470583 -94662168
8220325 -22769142
13592362 -10314972
-98442943 80808226
-85009727 41804516
-95921581 55093647
99368389 -45566494
50320876 29069835
74932848 3503825
-27670072 217399
24116245 97330960
-91428198 23407983
91816763 69455261
-47859712 -90590677
54875057 10020953
49
31277644 -42922677
-31114274 92453310
8602410 49059640
-81491959 16583067
-23366354 -71220306
76820697 20055616
-42678675 -18496617
31021233 4519408
46718595 -71772100
85176766 -23760145
-82262159 49552773
67334558 -91246531
-52380191 61186370
74589851 -24934809
-52168624 51346973
-51297761 49014734
57692155 10086021
-38530541 48393297
-80126660 -61905658
-83768742 -69316148
61125223 74592111
-54910804 -78352758
62055702 83785237
-3083770 -52662987
7297644 32154900
-78451331 -19436545
-43070558 67830209
19211182 89634828
-34091893 38265697
13818122 36517420
-46687984 53588953
-18870333 -51558800
22735504 44978185
32418073 -88476261
5280754 -5328820
73646476 36278413
27927469 -61695698
-70737260 95638384
-62566952 -14403941
1112193 -15691214
-84337256 14809168
-89160173 69974419
-43147589 -2282519
22635015 -17454682
7082900 -41244495
49738791 67827596
-9207087 -59400767
39751380 4884045
-19657824 -77064160
83
-95333466 88587524
3614244 -79189477
-74800892 -71284056
-64782904 56518807
-75738765 -18296819
-52990394 50538870
-96787708 -80553141
43326754 79673907
-9517229 -25690602
-31837979 -42846437
35654822 95991238
-39487636 65347460
11911546 -59797439
40708280 92969431
-13765702 -60861943
59008587 9845022
56403676 -88174785
24232610 -49159720
76241319 -74933415
-51238776 40350898
-45863970 96889213
-12759568 76460172
-12550464 -39552697
35813437 -91241332
-75168516 84418080
-90237429 -25691873
54357727 84218897
-59696274 -32126821
-55769428 3627231
13948547 20424902
-17460078 71494209
-39945062 27297745
468934 86367339
-57549530 38470094
46468311 -33849414
54475146 58390553
40001981 -92812997
50318561 43205204
47942487 36819991
6244645 -604382
78382811 -57835633
65717211 -70727324
15336604 41167824
79108623 -48093494
45187911 88210294
-71579252 -81041312
42070815 -85039335
-36100937 -99394543
28767611 46404645
-6111670 -49886230
87222316 -46520684
-63880397 33891682
64581474 -45719704
77718165 -69492871
-7939963 70186958
67775340 -22777480
63416933 56577112
-20011505 62166064
44956624 89802977
-40331421 99446822
53188897 -18936660
-44651707 17632011
-5704660 -99173978
31189261 43707622
-21328482 82520377
-11909256 -2772512
-65028685 7182462
-73112621 -49690057
-8232281 52891003
-69332345 -4936025
25437899 -60012068
35841206 84529063
-25807994 -24697756
-15500398 32389390
-4785090 -8892964
-28612549 41636582
-57180034 -21765865
-99520840 -12529307
-17678123 16437364
82561807 32673729
-99223262 -47194754
-64324675 -81679499
17340877 -15776716
13
-81569492 35829889
-70791758 1507031
29178430 -38208909
57073558 -45205316
-94298528 -90223582
97198851 69483918
-12630628 45989645
98527677 -11027174
-27501687 -72107517
58401546 55157354
-22512464 -87386249
70040662 4704531
37700452 90129913
52
25022533 -48742855
-58966715 -2885749
14342941 16652941
79182555 -5917310
-47862048 -60873475
44092847 21561213
-69593988 -52699016
70322522 30289288
-15919071 -28460165
-71136858 21527072
74054361 -37388744
-85593843 96467851
-98937108 54736835
-47467067 -90807446
20248685 65257243
-46199100 3929432
-44718156 -22450523
-31537242 -64971316
84913658 16747719
-12216272 -57310742
10283915 -99269365
14350360 3565988
-39322097 -50966469
43467536 -3689736
6736705 44865023
98028039 -60502591
-23105989 44622634
61744162 48784138
57314906 -61556368
-84437466 10015018
86645377 17249227
71179681 -45720078
3907066 45839041
-64458558 -57377124
40467726 -33550910
34803345 -70971143
210851 -88496162
58099738 9865551
42765460 57743569
10995989 -43467134
-66164527 -74505477
-20625754 31998041
46133020 77812393
-86451257 -23810060
-1878448 -37587785
26856898 20769271
44586932 -64993392
-51101633 -66029103
46732117 85403950
81907206 -10464740
-74633374 -15052791
-69669326 -5402459
82
74520889 -80109878
-10953455 -14439936
-95876889 94894275
-66073970 78553289
-12048090 85259604
-67274098 -8648666
80028730 33376069
-54989136 -31346885
37732487 42417446
-87458466 39750194
91698842 85066416
81568827 -1384344
-28265756 -4600667
87412749 -86790143
47790647 -62235863
11703300 -26923273
3720305 83278192
-37822509 -37244622
-47527854 63338185
33760063 11762651
-33778581 2433946
56295718 8383718
-46351376 72465520
-20984274 30234619
21798764 99609334
-82573682 -90079567
-4190822 66340287
29083510 41517415
-71061055 -52014547
-49979750 83222020
-12885340 56090418
15355338 -2050737
-11473116 -13913333
94806634 18438558
58655677 -32110789
69322348 5868710
68232569 40405892
-14251353 49231833
-86342988 39231496
-61747076 -81492786
37616939 -21574479
-78474988 59702043
60934406 -70388735
-79105109 47866137
-75702386 63792845
15266612 47740461
-16447912 48149654
-47893030 -36415976
-95019070 4817940
14272442 -92211374
-8773716 -1426561
-86860909 -44222359
-60970832 -21531974
-51622132 -98879632
-30033934 -96773198
58992246 70706788
18552094 -27219856
8547373 -86059879
-74986504 -13610611
-67633459 69433965
-32830421 -39762879
-42179411 -77361820
47991579 22503172
61600781 14896879
74534529 15557303
60415458 63001906
84446895 80168584
-77973592 89233341
43634734 37070623
65101732 39556871
-86525189 -33878156
-2020062 46066540
-15535049 -89749641
-68343951 14561938
-98301073 -77500342
9946256 44548335
-62797283 48835051
-15571420 98429702
-6374213 -73798155
-17503823 7225937
-35659851 49149661
-49229731 29768037
61
-39329116 -65053870
-54592104 -12827006
48805711 31769806
-51557943 -64798894
-95906635 46811619
-20312943 94235882
-86036492 98127401
75808741 -13373535
-30801595 -94347217
40687411 -83332702
96500176 65741824
-3375004 25982924
-81072441 -86947482
66547530 13010197
-59999178 -25888142
30949165 -63496233
87460475 50965724
-62170442 -85487962
-81306863 79458024
80902790 -27165778
72105101 35912957
-48634976 41904698
-55064020 5218223
-77113726 66583919
-76068192 -28697814
64871454 -60262001
55035319 87769289
-13766735 -34568773
63889185 -72236068
-23799234 -9760995
-90891302 76926594
94406799 68272637
-95955313 75261498
-83951186 18855701
92400043 52011334
-67385922 -45886216
-82382233 13949486
-62207009 -14602206
-56575934 40126590
3329017 -70892136
-21901017 -2463970
6100223 36819513
97195157 30799393
-44917324 -40650927
15942681 -28703250
6772679 54504001
-74407422 -87920155
-15906901 -34941735
-55354649 -10868748
-99752351 65496994
-26788024 -61778850
-58501502 54950262
89663230 -3945964
33875122 37362403
-91895575 -16319718
-89343865 85198832
72086193 6198512
68903700 -35218966
-5280141 -12657988
-15898277 18691699
-73315386 54988560
32
-90585390 -43589049
36696029 9547619
71535324 36139411
90043079 -2541448
-32890755 -97824142
33860447 -38899308
24417134 12952028
-64771648 -23080638
45216286 90075660
74547722 60027092
-82088443 -71972796
72828942 75963921
239910 27528805
-79811628 -43399161
-92564717 -33122378
-74330619 -12114424
-86558791 -26145958
-17606340 -4548398
-54158236 21147577
37875521 -30820039
-635679 31522481
15652748 78280515
8769888 -97717171
55478058 -33023906
-75744007 23894914
65501987 -8233410
34414939 86446972
58304834 -22279249
68034962 75254049
87633636 -30452171
-31553195 -22958255
-24679194 59295643
69
66182920 31608440
84420702 31233662
3801621 -3000174
71627923 79885105
53155608 -9618951
98140046 -66915138
-1989142 -36933796
-52927691 -31680299
64837710 -90282007
44242278 99977439
-31492044 -97465506
72192785 -57841311
69082067 -8696806
-65194943 -20609135
61237469 51036071
30979612 -34307368
-90216314 -26729042
15411038 -96070772
78460916 63192091
-56821680 42162175
-61436361 -16952493
55337963 -7280424
54154767 -88144936
-225180 -58905348
25222122 -93927227
40122618 -6326050
-63558543 97681868
81856775 3045192
3012057 34473690
-94743563 1446181
-77117448 -82990106
-95797756 1476640
95382348 -78617336
4164037 10871378
94431348 33447957
3398400 87354911
16640219 4589008
-2099176 -29081793
-8230771 52433766
32104728 76996787
13345472 -49870025
28225016 47154145
71090535 65822817
13842302 -64496161
78261610 46973441
-68012716 -34349209
97983332 98511457
44415367 -5728114
-43415004 3982498
-81887305 75322861
71616812 59967802
-77519340 -46044661
-93192648 99490344
-57103790 -61077985
95959448 -99163370
29044204 -19408345
-66432172 -57690624
-93396616 -2623214
76737421 24789672
78383583 98517702
86226538 -83232991
-26703692 -8818313
42906538 -73572313
-17116474 -20572045
-84631135 29698247
-8866658 43013396
-55825673 73959083
40712397 -2411310
-79820511 -16347314
50
-75802649 -47000379
-98608634 -85189198
-24341523 -57378759
-13649495 14841031
45643303 84768461
-39738118 -4928662
-65576294 -95068483
-1279309 1487588
93655095 97254861
-37813339 -5331346
-24065433 -17136498
4634839 -54968012
-42725679 11999942
5400569 -21725828
-27347516 52832127
15784241 -75741416
50592536 -45169265
-74468827 -18007058
18912832 -34429942
53729342 39032272
11579233 -82191388
82481166 98279464
-25784996 48608477
-24479283 30419862
-72010617 56801867
30461758 53604223
-38293519 -23755279
37158468 99644590
-97986718 -74249134
75709640 -74757105
72966579 -84043691
-81804487 51831981
21364239 -98862089
-77305699 13317458
-16419503 34438867
31500002 -33851082
-25731805 72703254
-54996608 32145462
-77033627 -38458770
80273140 60278260
-1904935 -87419625
-18786218 -72336023
-96584543 -13307199
31768314 -39370555
-56517422 29933646
-65369719 -26451636
89472483 92610344
-82386892 88258856
-61726054 31636257
627238 -3151727
78
-41902924 47306956
69233627 -33212145
52220450 -70423896
-78406912 25733243
65420431 90261764
-479719 25803844
20852775 -44111306
-29297712 -73062025
90762828 -43984076
89575712 63840891
-88017780 91493194
-62500942 -32366892
65130176 15250176
-70152732 -52106252
49101181 45217712
-98504144 19292024
56802780 -77556400
-32130197 52243459
50308663 5711853
69188058 -16076581
21642434 -74384677
-42979547 18768200
28968381 -79475099
-15439539 64662723
-55537334 88701206
21159700 76324376
36035078 -7396192
-27438744 18724572
-68831382 -54497213
-36071098 -32989562
81736324 -60082105
65240714 93212374
-4833576 89569336
79620211 -2786230
96173905 -58145217
-67596877 -35162993
-65956256 38804732
-56549194 -38264580
8878828 -95081100
38549870 -76313361
-10103966 -99064843
42948002 -91465459
-78355547 51372496
70359454 -21680144
34599987 91962778
80691490 -45166069
49802660 -67637652
68232154 -79634922
-7894600 94517928
20913101 -87865675
82655604 99007176
-65216554 -92701623
98339728 -15747374
40681719 98953916
43996271 44296409
62966339 44427962
-49863877 -36835814
-51454819 -81225184
-44227615 44244077
63244706 -99712530
-33401386 30803248
-70395434 -87411526
48319271 -78997249
-18215565 45191469
2915530 -64294804
91332602 -71332234
76556864 51696738
47399167 10203583
51106477 56100192
-67752369 87960078
-81166078 35154417
-30174472 31778233
-21455599 25879639
-68635130 33315144
45596142 -24411173
73719159 31130575
72533262 -7455869
-21184444 -16239582
42
62737670 -6633046
-90804757 44412261
28025192 -62608395
-89865985 83750858
-81649401 -95634187
-69284391 50996675
73169544 -84189950
-66085893 -2585592
17347917 -94798221
-89975599 -87918942
-87482300 90142515
-46101145 9278844
54283708 -21255455
62745256 -2906943
-83324220 -8746918
10969441 56608001
-75844684 -93929432
-18846312 12154554
98905018 74481574
-12125491 57243472
3846387 -33759209
-35977149 45164322
84871425 -24728366
68327374 -3988340
77284931 -52076123
32769669 -63378163
95402364 3927842
37621651 80362385
49702602 92560726
-64656284 95582778
57865627 63182803
86087396 -3851312
-2407416 -25451748
-17357145 96519052
6239199 54353811
63922086 -54016595
14038449 -29621585
-53158577 -71444563
17199504 -32615337
5543999 1372810
76949351 -39464052
23392583 54062806
84
-36323945 -61281355
-79775642 -90992328
-28663770 -43652341
58852990 48562874
26879254 -61270069
-32356190 -20901069
-26875107 46977834
-99179419 -20304039
-86269329 57548311
19605099 -32125343
-76533628 94974397
5749111 95041385
73936412 71855619
14948473 25715233
82072877 47276156
-98961956 40913700
58344940 34708525
-93298015 79723981
-81685119 78710958
61753080 10527804
-72766610 52141029
28819162 16260548
-89194675 43751381
-82357763 93432786
-54692728 -17934747
-43979709 62123569
-54980576 -39926476
-37574835 -66785735
-79126185 -94221785
96930787 -48392260
70539550 -96123516
-22240219 -13704081
-70291480 55152263
-65507861 -85132540
-93993695 -34182176
-7376461 -52015059
69792294 42949631
-43524341 -26833065
-5344676 26652697
-19593674 -97367719
77380606 -2144965
-12706926 -22090267
-61495131 -71491250
32357756 18756477
78449863 58576210
-23710884 -630114
-20858779 20802813
96712631 124904
-67738062 41267261
84293546 -8869420
47745767 95245021
85790276 5257128
-14895419 -8652045
2296560 49941021
-21442785 78759278
90841052 -88753963
11492980 70965290
-69038351 35028901
-19024885 -25255486
-86928756 -28084966
-91582958 -38572708
-78943131 89755416
-45384697 -22677404
-83530942 -14568693
-75342954 -59858396
-49205810 9224450
-42700583 -95436960
88051007 77531479
18854299 10083571
-50072613 84726287
-80668639 87688337
-65568183 -4054741
-2154642 -2695409
-26985972 -34838163
78755165 55435966
-89982116 15732615
69014861 -66411389
-99940675 33132617
-65363774 -64438893
-77875907 34486484
29133950 -44585598
-53810388 -7643070
-53177859 26884143
-77078568 99593116
52
90678264 -53697774
15404640 -92468455
33144542 -28561086
39540690 -79864707
-69413301 60920866
91471543 71244535
3014997 -85770353
-65587058 17026900
2351706 -72699090
65668466 -50429225
13836580 89484697
-32047231 -15792427
-73061960 -51446881
-3498259 13369329
-27840660 -90035304
85698655 -40318442
38844141 75366075
42124405 -70606139
19703008 32852936
37439260 53380237
-80775028 25787701
-65072066 -64608806
-51447639 35400827
69593723 57093543
-88866279 -57303940
-89737439 -29470902
-17939943 -69544301
-20250162 3516821
-7467687 -96114880
-15753974 -19335381
839570 -99570635
-27933884 -12084378
82953182 5353889
28024066 85919170
-60025730 90251548
53268125 16691872
23383082 16441075
-33759178 3554947
69330669 61489669
-22331522 62519849
-86340638 49458344
96753278 39201788
-48760209 -28246797
-45294194 65752360
20676625 -98418161
-40385617 81180319
-74342395 80277620
-87110144 -66193262
-66182546 48691528
-68130059 36573760
4856920 8382626
56153358 -85510995
21
-28106968 31970510
-61121083 15106709
-7205020 81752094
-4258773 -52690268
84355264 79954805
-98442913 -99447372
4283623 -37401444
79665485 99802007
-86956980 -47695715
65649873 91779927
26720706 -37854531
-49632804 57302069
3013483 18028752
-26721009 -9345968
-61845860 5922052
62318919 32728942
-87924092 -45888626
-20932157 -51453311
-41257850 -60534372
-49859740 27672317
32090821 -17374921
39
95347904 39051425
-22941196 44410521
41126754 -3295520
79619167 8147947
-42337605 28251991
-57072656 -46416815
-90056973 4158944
36090968 -38409506
84956993 27457399
78623381 -16366540
15187209 66588060
88203640 93905263
72418117 31037083
32743761 -84516753
8999417 72148321
32916955 -70186410
-92610531 -16837791
83713463 -27945942
-90491160 -75230812
-30137159 -85984590
2517149 -98243276
79255066 79961588
-77950742 67918315
-20722892 16839822
-56120659 30137769
-96433156 -29020456
32872819 89181982
-71598413 -94658196
81476858 55246595
-45587474 -9329375
57460810 -7474359
-40461870 19969060
45585187 -62955383
-6231620 45689628
47989212 57416369
31894240 -52159036
-68612750 72666999
99178283 -18106894
-80861449 -70188756
27
97442679 7124784
-9004663 -62403072
72401433 44734208
23462454 40399656
-75314285 -24572239
40705535 83767110
65168669 59528156
74185609 64727298
-81872980 24089889
-67874597 -46334082
55714778 83989103
-80911532 87916
-52061852 -80440957
-89394765 -40788214
5172897 -33436733
97993648 53711581
44949555 72588588
14561475 -97399324
10038083 84390743
-88299834 25048393
-1548298 -17586704
-86607349 21416589
15374597 -75016394
-97475721 -43572215
82853035 71180846
-35588167 -69917440
-6518271 -10502543
19
-60567833 90435612
-40519952 -78702848
14476278 1316427
7881696 93543574
-55212606 -17900914
3182376 -41005856
-66514104 41432938
-44673237 4439191
62852677 -26379406
-74624683 27047251
-11782015 44167738
39244905 -77062267
-45677223 -16495829
57670298 -76629628
-13301526 76509216
73446216 73829928
15940600 -5205211
76641812 -34594562
62509740 71033458
5
59105121 -38504534
35064995 -77729529
-6490332 -51623143
-54670928 -85076864
6594437 37346420
8
-53130642 34761072
-1281536 -79682519
-98006935 -18405312
-72550357 -45542366
-35953926 -62270679
-72909410 70180183
-10871455 73806998
92646963 92108849
26
-79737284 -57059353
-110453 -83587513
-90143906 82932995
7045007 15976873
87889894 -55606339
-70848631 545730
21479960 67113635
-47284661 -30055457
53307691 -74228286
-37589714 -87022597
38273920 -74892569
67978880 69406575
42704149 -58943417
-62753034 68308688
-57081616 -88474868
91745827 86578727
96785804 -37665047
-95575736 -2073952
-45157715 -57472927
4284626 -95512096
-32722991 -79375136
-9146378 62822113
-47287714 82545689
-4274035 -35118633
85461333 15394447
50745829 40251268
81
-95136042 -9915229
-92807077 -8302950
13800397 -70124494
-5709329 -671092
-64582124 -60163645
-16741378 -67655034
-55598653 93035106
-15968825 12026849
-16967932 25420364
1236140 -17796680
-75112132 87491153
51390039 -17418895
94166038 46058228
-69940535 10630451
70081996 78613069
22928443 -862795
-68881357 33298662
-82295745 85250978
-47429725 -50839625
-87316375 76938997
95144773 -68984994
84007735 1406823
-7608592 41058226
87456665 41999682
18804505 2743447
-47541816 54617183
89597397 13758166
-61196170 -52092758
-60294758 15996030
35452387 -55103080
-793635 -18062942
-92990098 -75844893
-63872121 57680776
78012888 -74719762
26832701 57260822
87102698 62878709
88492286 -40169443
-60924906 -72853905
43025111 50107137
-12524196 42580812
-28353396 34174654
42534424 39804837
11767670 -79143808
62143631 13869213
-37880905 27000659
58076229 74959530
-77784586 -55379207
-78861826 -71614867
-91125684 63777143
39102846 87300235
-96091950 93492706
-21350788 11686025
1690592 -81476126
-52308163 40841341
23960258 63554828
-48972901 55065933
67710584 53891693
69483345 29378295
-14337617 -53179010
47813379 -25120197
-83006606 7296445
50928724 -26893401
75912021 -7655929
-94183979 -15629784
-1262154 -43045940
-82944531 -98619892
43040033 -41648713
-90578628 -26685514
-88901310 -16673091
90456729 88303260
-28432605 10345135
-58372437 -68437583
34799050 -81091718
15535767 -30533482
-23812241 -57286102
29198050 75076831
60229523 -65516322
54866768 71991782
-33144226 -75728344
-40000398 -91639553
-70950577 92749871
34
-8592077 470778
-62802838 91973706
-37692285 22041752
-37912013 81756618
55401234 32602508
-62716743 53343305
-28229371 33334719
-48889538 -77629778
-95509613 95272214
36925079 5534561
-89884388 41053700
-99624700 -33352328
-76049918 74808596
-85989906 -16654195
80698413 -58783089
-87429207 -40129131
-87182369 47080958
-82852317 52320634
-46758266 -86908201
74634010 45823924
4290720 99493201
-83453279 -47286723
48490775 50899821
-76467787 -30392849
-11602343 -87041232
92665663 89914958
-4971400 -49798539
38980899 90329011
34881155 38875790
-17959681 -32459191
-99524227 -24431886
-24657719 -65953926
-74943947 61002478
-11183831 51680911
26
-45270761 64637587
63513081 38068516
84790569 99395188
-4185059 24160660
85942265 -7930860
-89608634 -60343550
-1619993 -16535164
32353380 63072191
86422235 -27852673
36509712 80958256
-72398618 62432982
-98425742 85410104
64796892 56153637
17564526 94612249
99499323 16374683
34623905 60022151
-54414293 94224593
6442669 4192530
34262207 86756191
4260127 -48639144
53266652 64409640
-84120723 82016779
-27327173 -19823888
37106723 -52553791
-13035037 -73091304
-77806618 -71671001
25
-86875993 -6849794
-98878306 9062239
25765138 47787681
38213512 -51612015
-63007143 97942414
61255190 -6457368
-54817744 30676595
-21737766 43923630
-40328035 80349839
14342582 22247200
-8742199 -87342003
27421434 16359245
81965502 -98448236
-66810537 -52373974
-45307492 -67749601
70419939 74948749
-50390361 -49765363
72256921 59936836
-54922998 -80404644
32433975 18581429
-88253168 28156736
27291957 -65386842
65985280 6093617
-36165874 85028912
-64196794 -84888434
94
-39561832 -6935137
60806348 -25338869
68506604 56034916
65086737 -44078189
14982091 -94735946
-62113374 42731744
-14274087 -62384075
-53375707 -80197828
57611988 -4445263
-7177360 -23052309
-87164874 -7144223
-69627099 50677118
34502194 -82802205
7269077 3899697
16884232 80612164
-9373290 13975613
47463320 -14734893
97901994 -18558797
-61203932 -98955506
38972357 48122813
25178665 -84872650
25883775 -8432252
-64637165 89394431
-45868533 -79735012
85145383 -60081401
-24125309 11773179
-32426624 32252418
43906925 64681043
-64491992 59999412
-23757462 75625423
71715647 65415337
-18553393 -27667954
-4426504 -27484563
6382834 -80815732
-89254736 37679101
-62819117 -8585197
56436434 8230136
-51557409 72021281
30287968 80487045
47982251 -54791801
53761645 -87188542
7410512 -23110590
-11200728 -65463554
-16676085 -14459010
25791098 76296503
59824351 -24622328
-39946832 68606842
-7470210 -11245482
-16565006 -56778640
3277847 3339947
-72330971 -90363996
93253197 57171108
82612322 82666998
7817608 -71874853
30770553 66556546
89814066 -1307588
-95692383 27333336
-83870854 93732943
14625643 -31285274
-27904526 52504288
-24450411 -65569854
-79050125 -18367116
76386559 48222559
-83222798 -90553200
-90952717 43311939
23655123 77047016
-19095897 -95136651
-74980169 -67515782
-55007990 -91570427
57468489 -19015736
-14280614 -49030306
-2352735 93243062
-44278152 -27995972
-7282638 -17755206
-29889145 74217132
43482922 -71734480
38842815 -89388641
30146238 78069523
-69925015 25060595
-21307723 33187007
30431206 82931939
84223361 51688419
46740611 56770123
-80586627 -23076357
-63228644 -30224279
98474381 -90413931
36994269 -84120754
-22989488 -2928036
-9413455 -92163387
-45849747 -35141110
-62120557 15283802
-60134967 73158535
52099719 -3889648
-14028432 72433982
84
-28315669 -97362631
37367582 -52236951
-9575477 -78528919
-20147606 3347669
-74707742 90629008
-23243763 30004557
-63098838 -65057064
-62743740 -36798222
-13284486 61702694
79130265 -25066620
-76135525 -75067307
69234392 62009246
-98231514 -39401490
-71257579 -28472335
51984484 -54985325
-79194236 83938551
-61663974 28748517
91609847 -87300116
55893341 58861703
47469291 -69534299
-99309455 -96027815
48523641 71307845
46309641 -78588100
76873323 19077382
53962826 -60230334
-51748930 -20450256
-20590449 -2946381
-87630999 -54743294
-83291452 -17217358
-3393985 -89351426
-23157458 65840163
50505947 -57059869
-56460480 -30302227
-56807347 -60083624
-67541516 56888262
-9209624 98752803
89838259 91494918
-21779057 -241493
-74212698 36192797
14040194 -62879020
-98410739 -60533220
-66803304 17133632
53272191 27384317
-8869920 -8250044
34759067 22794377
-35026752 60568818
-75191243 -87527093
39110697 87048717
33692302 51696439
69302113 -71680760
28542796 -64063194
42308374 75375209
78568727 -73408546
-39664880 -42359346
83091216 74566575
-85172163 -94745792
-81775349 -1236564
74117304 73155543
-3707679 -23155105
56881200 -10631572
50507038 -90629935
30004639 -93214165
92352275 22775088
-92795671 -65617272
71047007 26062132
-90858225 18424506
-648367 -69243053
48347341 -92266204
-22655607 -82562158
-74867505 6213767
11818561 -32938601
-51782644 88075234
-30690108 50138259
9519098 53657225
16114210 25501100
-65478494 12147859
-80169290 42587412
39001851 -71132642
98357663 -6442716
85437036 58615950
68892593 -89291962
-40231692 21488728
-1448439 -35398025
-13889852 24575175
100
-84203939 21036966
45699889 -65137083
-97320745 25739612
72979986 42043455
-87077128 1280964
32765750 54138224
-30458007 42003642
-59339419 73777993
-68708847 -66159044
34321946 63682016
-20829032 -77327188
-38251461 -83845878
29782373 -6009876
-37937809 -67948011
51173849 55232953
63328832 60372580
-10554874 -44529489
13468794 -62368147
25860643 76127439
29958948 87984061
67398376 25398309
11541755 5803179
3829001 -16604144
36380497 75719017
88617852 -39545866
-61049202 -54383183
-30178879 49896606
-9613876 52732577
-43490715 2512379
73037923 -80787833
-51531542 81377902
-13553413 -11813317
37667272 81990026
-75618329 -6222944
-50471724 -58056893
77168797 -77542585
-59420083 -44745473
38129415 19221173
14609863 69825273
65628974 -27304410
-95188361 -73236459
-65726292 -15692868
5796429 -7163654
42107090 -76604471
-6888236 58270184
14355107 -67092221
94541995 -63603254
29502008 -25626253
12954605 -17995165
-95058034 -82506848
53960371 13127864
48392215 -40147780
-14953101 16413073
49467362 -64671627
31758792 48509747
9792244 -22160956
-42346881 16005822
-77000493 -34514282
2253027 -37069118
-78005443 62712138
-8974924 89381414
-54748328 31484782
1031275 -6511891
-73181173 -31254814
53873032 71536721
37178048 -3085481
-15125765 29603574
-62114185 20818263
-4383895 73473470
14309660 46397294
-8952729 -15682998
-67360929 -61951083
28393750 -49245971
-4113435 57697872
-54083280 2425120
90929393 44214880
-47483497 47133345
96172225 87902654
-7038298 -57960117
-39132315 -57799126
-45644586 -11650999
-71107346 84295631
-23652446 -46635009
47754705 -83269862
-74937724 25519016
-34138674 -51055812
-74219832 87311063
28097056 4197132
-74051312 62427216
75419267 77314845
12059692 68817925
11854624 67363026
58803490 71381105
-77905935 47158740
-43253852 -87430589
-84967238 -53960479
78921733 55113288
-42533783 -892395
-6710873 -61527621
93625809 -5392692
8
41643949 -12408029
-59719069 -29512205
85014701 49665774
-79278531 5808275
75687815 13302915
88495605 44696786
16428951 -73271767
-26663884 13344296
19
-72569700 91939370
16964099 64586688
-37337509 44009925
14693548 82507065
32171083 96695908
-63140282 17017497
49601067 -26567228
19460453 -33888697
-4608101 80730394
7521529 39588730
-94980836 2759635
10950669 -93935805
75008318 91747864
-66086583 17662429
13792542 -34758409
-80313942 -48443355
49730627 57203818
-60819073 -78186716
-47869111 53527987
7
-78714801 18044312
54396062 -89628237
-54108725 -37472027
-37457031 -23502118
-2453128 -50006550
75986693 33716684
-57656684 69298467
55
-22886038 -49105897
10720585 -88358543
-47065615 -14720119
-1863443 77454056
-54503166 69133822
-37586637 37195340
-14444803 -68124671
-15278703 17074943
-70040820 60008400
-85263164 67768566
35519807 12625586
95619079 -5101978
58243576 73614822
-25332034 15374184
26719679 59440851
21481723 85204192
91871555 -89645703
90447014 15521171
-11745870 -437728
-77365717 -78411105
64199559 -69667947
38450690 -58352764
-29413766 -85551492
-42923631 -5560248
-72697664 51256949
85758386 -42571178
89808690 95941909
-94078256 51550322
-66452832 57264441
72697902 95287957
76161370 -32578271
-98930716 -50150731
-57619273 -64927808
21605080 10915041
-49049135 70366711
-35654174 -43985699
10589215 21255544
99612826 4866545
34919636 24281045
-86311012 -2821622
-10244678 14777562
-11031505 91264042
14139056 72241482
-89801345 76445747
-14305351 29212723
-73690201 32200051
-7100165 29151680
73966940 -51164682
57682656 -13746922
60897195 -91013969
32354377 70959182
57391037 16322082
39972772 -11789225
36263258 46600796
-72302612 -20288828
97
-96992866 94034264
79340284 -95995834
-91538177 25246850
15500405 -9440139
96215423 -64596074
1750554 -17796598
-3216187 -25455403
-42342032 48695411
-94893745 -84743926
-78590752 2373801
78668430 -11254257
21309600 -98471200
55996286 1979873
-57150438 32314284
-71619108 -20176616
-68530060 37971145
-20809325 66333627
96099052 -33596411
37187919 58922708
-15361546 -23787212
-41066515 -86965803
-18591358 23202713
67874343 65823287
60152307 69451741
-13571935 -46373869
26487385 -62350124
70728901 74494505
53777325 18967763
-93833001 -26821149
-30404441 -60017526
-88014104 99412709
-25116085 -95265248
5701134 -53564186
-48243752 -41679811
-43200779 92054198
-24460087 -12279563
-67976419 92636172
-94700515 60824922
-97229029 -590178
29657264 96472934
-54663126 -52341063
79921477 -67718976
-62755627 -70569090
19430498 10803040
76530608 68114417
-15624860 -71082776
-47619032 25876024
-72798096 -612200
40922377 -69505419
-55945920 76573733
59828576 -15841880
-23966751 66943247
89380547 -69170
-99240376 1326963
43468886 -8409764
-21996772 71517734
28017371 61642511
67171603 87971877
-91832664 -84515216
19913524 6462129
-7051511 47928954
-22969352 -49839243
-97611784 -28537191
-52302702 -71020010
-38336728 -41052351
-83433913 59998153
-4539986 -63572603
71171678 -10668424
17803372 -15766321
-51780643 -6171927
-25993257 76176969
-60023219 63061761
-47285836 -56684617
40266366 90745534
-57011858 76537501
35837749 41080892
-48634686 81154534
-94025539 -48840764
-98020596 16581288
-75090814 28317899
28139428 -57310831
16693825 54385677
-41100032 79236038
23409059 38774672
95743404 -54930827
-1363597 9814809
63615564 99346939
-55057971 -63292123
-15961609 39628012
-34125667 18135040
39333168 34078297
-79804046 83957161
-29956553 -99146423
-90695569 60098888
-60370056 -52546945
24068591 -82781812
47757402 55202803
79
-16606856 -11205322
-32450145 66080235
-70513129 -8680238
-68699195 -32158654
-95020883 80549293
-82636384 44246105
-42177247 44263401
79579683 -57076953
43215475 93239906
-99295133 75073851
-1615744 18138655
91598890 46709561
34837705 -25960031
-11613559 -89166295
81340962 -85561783
80647901 79504472
86186508 29753663
88453806 62724247
91124011 -1279744
-75618243 85571545
-88856808 28821017
-77579208 -86697234
-35661995 -60520665
-31492885 18773522
-30236375 -15564868
-56713252 36948984
68937285 76962073
-37479195 53970567
-75060997 41921204
13750800 59638937
24802646 -18704986
69223712 -45512368
18152826 -16586061
-1206096 -55643849
97217506 60668747
10713925 74292434
62551800 -75889843
99525750 95376940
-48672592 -89289574
-97652838 1736973
45524292 -75618614
25575095 47236725
-18839081 -5816311
15270953 48584643
19302642 -99456457
78577781 5911758
-49232804 -68855769
96172296 -97154167
79627886 -92785409
79967938 -86783079
-3332248 -90687050
-31235909 37852206
-12019011 32127536
-93224016 8317513
-87694342 -59740951
17806946 -28591531
21503125 13621828
-69274784 -36473114
-66671968 74277726
28677705 -16571418
49738802 43215659
-66487084 -97860928
51622584 -40360622
77918541 88938603
1067467 -82721836
6597877 28281409
-42484822 32370614
-59386220 43625671
7601334 18728530
-55788863 -16453820
-71552698 -81896113
78810226 7986075
79981871 78633565
-25617652 67777063
73176309 -44510193
85948124 97247834
-5479784 -29484118
81165135 -81361706
-64441501 -64483845
25
-9416369 71257841
28177795 -98516106
49854221 -34537964
-13509374 -96901618
-36523483 -1534783
-76238959 12234145
88305613 45314085
-61746901 -62568263
80467716 -457548
11619937 -67787089
47762914 -11682144
71993542 15803353
-51161336 -71163870
-93826677 26763864
-18478478 57153573
-88158148 65202350
99851975 98668250
95793846 48502649
-44409008 -12710805
-72317994 -88675978
30629850 -61698518
75872326 -80791105
15301430 -20768832
-98620605 -15321107
-82878218 46441891
47
67231232 99471558
-88818159 70226901
-23711616 35135960
49993685 -53720359
-33184729 -39588498
5903099 -42074338
-8521421 -87422043
-31603540 -10479161
-62902083 94047241
-55540906 -52174899
74094069 12219554
16748435 -80683460
45269817 50555339
-67599298 55239227
62967422 -15839558
99237173 90642279
44731420 -87182175
57630101 44441474
41143946 -50831204
88032225 -96346000
-74368789 -82455079
-47844089 47497450
23220396 -93288844
16095394 74714645
71493619 -57224965
-85539452 89816588
59408771 32659055
97153020 -26942470
6065352 29694085
-7515905 -72221985
-57153019 81241273
60374281 -93267039
-2169650 -76076089
-21950467 -8432573
-67000198 -93959087
-61803716 75792126
-2744913 43341634
-7621337 -37016362
-14242746 -82298891
-2328795 -5000773
50233891 -10543346
68208363 31144109
81973826 -40223831
37836487 -74847632
64106298 4194870
-57423571 -74004268
-25434926 72500886
57
2822838 54726566
-95896035 -60673991
-37478965 -79299233
-56017627 33768822
16721311 6498351
-50931991 -19502242
72285436 39213245
-30105564 93044703
25938533 -69758862
53534426 20264859
27393198 24014122
-65396345 82662164
59032165 30030800
-88542795 1353587
76693046 90157794
-59960239 12412876
3218727 -55700861
-28107926 14444891
-59726234 73014688
94578017 35410414
70056638 50559625
-5139713 19286216
65673464 52630269
-88729867 -76398516
-37599423 -3248319
-97225606 -218070
87184310 98520043
43948289 -34781984
47879449 18676991
-88569289 -72946696
72881383 77866126
-75785714 -25380005
-13258995 -17955725
-31552225 -5596063
83537487 94265636
-82545868 -55216803
60687352 -82582358
-5959736 -37700331
-19899694 25390848
68441408 -46071298
82561785 -31697797
-26562950 59805591
35518301 -95676650
7092564 57705310
-60859495 87163122
88286607 30823316
35458373 -96918683
-98135954 -93429267
-58373257 96203613
86429690 39509894
-94218976 -13275788
56583735 -79116115
53321784 39404366
-27022229 13592589
-58767028 -38516787
51292692 -58325226
-25592344 -73414962
97
-49707524 -33045491
82085032 74211884
-39205020 40552793
7053246 67363820
-89737310 -69913019
-90951604 -25596546
59385599 76725279
19912036 11589243
58353468 -2439064
-91137649 -74696496
-8818848 -6274699
35812571 -29085667
-56892623 32523622
62850939 -331722
-20841359 -85115979
-48404019 -98610052
-87749245 60497965
-77899753 -8618196
84197655 -61330211
-29976564 53550382
77563762 -16744826
76338150 -30057722
-26768373 7847867
64350681 -25736887
85885805 63137205
23241803 -9439132
73784098 80435025
-55077468 41587957
-25983629 48403284
-8223281 76576462
-78259637 -35248375
-90701319 73357198
16561626 28878028
-207750 50879752
46634920 -65287680
35417370 -84847994
-13421274 -61334006
-86555371 -36369478
-26933996 37362274
2388581 63341166
60075107 50494203
-40419701 -81756014
34728263 -11275118
44912419 -47539318
-31771278 -76117805
-53530139 -55796952
-73538223 -28851232
49642333 -40996704
-49022106 -95759300
98730244 70993126
-36150619 -36808734
-76351261 96973254
-55224224 -22505549
-90661753 -9128612
88672112 46803814
97933132 82123225
-22863003 -3991018
-53176898 -40323033
92039447 -89592821
-39585815 32088215
-40232834 -74574667
83088112 -98622282
-95100284 -86417473
-47961747 -83282664
4823687 -93219230
75423610 25028616
58708301 -86205866
-35654688 49595209
-80556329 -72860840
-85000983 -27106282
25978721 -20674928
22337453 -59198858
-5583601 -29061999
88666938 -65975029
20569215 80849236
-22145345 -77510965
-18911231 -62202842
-55810823 79474289
72789563 -97815449
70794326 -61289831
-80150219 8510047
33543410 25133717
-77421010 41998037
-50577770 98904300
37191064 -99743960
-40676703 -80517994
-33022954 -98777751
-99125943 -77260417
51854531 -23216094
-32011214 -83894172
42620504 46863047
93379096 43994854
-24969861 40933636
86609942 -43114250
42808460 68721062
50100074 82281616
1660432 -14363288
81
77691914 -14331217
79571106 7002295
-33319206 92280327
62525230 -53582449
59246627 -27888739
71136987 -99215010
-71635073 -44400915
72716545 27164723
-84623595 -18398085
-8850030 -84339314
40343609 -74884001
10589089 14039525
65059147 37935821
23685244 -55780051
95885717 91420316
-49587371 85465038
-49121782 -27323228
93876915 87228732
63827094 92574739
31325267 50288038
64603653 -73540314
-35092471 92544751
-10826830 92313872
38835368 96229489
-40453609 -27037102
62225677 33883740
-95981124 -10454793
70350950 -9703281
47994763 -35390673
-40332694 -68500383
49016834 58965491
61535839 -72841961
-59689889 -40980290
74024431 -20139237
-18631908 -11089134
62796357 47880923
73550472 56826965
65520357 12649903
-42242187 -77238363
-33314819 6356666
28182203 14077576
-56276058 55669768
24674386 -62589338
56003835 53799445
-99280275 22545072
91223038 -3010000
-33970149 30551873
-51010197 -65945397
78051999 -39164512
-83708320 -89891222
19358937 -39231753
-14060262 -44581321
-49805203 88344371
-51346471 -37838240
-12860046 463196
-93319482 -61323351
12522989 -5143989
7593864 -19758947
-76166007 -62826766
-56262105 26052906
-50262442 13601456
78213577 -73996967
89753900 -18413265
84839270 41903466
-70544013 -24126114
-17920690 -10001817
91937694 -47057857
22916971 -75082607
-50172795 17658614
38894440 -31417755
69341423 -72664786
74080253 -34057309
60074337 40328159
-86871296 -47199728
-737336 -85618906
-69761901 82179834
55379069 24182049
-52233283 35259397
69787791 81373690
88769988 -43311682
72580844 99823447
46
2470357 -72019446
85880347 57336482
-54001364 19174753
-73535999 -10796328
-7620 -8592705
-53764500 12066586
31291803 -1441930
38680968 29866760
-79433852 11880901
84024022 -42162782
3503191 -18216838
50460749 19570587
-73671831 75873804
46646505 49565880
25412586 -72191786
31707365 -97608735
-72430465 -62047162
59129007 77410924
-66505417 -99416661
39230806 -46796460
12792055 -75033026
79477693 61108103
30622138 96668768
-17275531 18099329
-29826502 71685241
-41225819 64060573
-37858649 -74253049
72392222 -86244331
-44117073 31871342
12305917 70174563
-2461948 51058361
-40303375 517616
-81766954 80329326
-57151445 94218486
39745226 34718268
44846832 88351583
-82801522 65795543
-38128329 56984
53592566 -14809808
12397663 54959051
48694608 83744369
78187398 6455762
74003615 -15180520
-71941277 75334323
-967271 27213519
2920177 -57455980
56
-7627476 -64904973
-84938984 2160947
-72061904 -96721990
43746156 96069889
27284969 -89915557
-17785956 -58833197
-89240166 -5612588
-69448295 -40990618
85923567 -76906011
30194517 42336419
-60888646 -37876573
-40142920 -97573461
38449367 -42546879
-17909744 2918018
-1082314 16874359
19670112 -22234497
22516150 53782317
-20861661 -57985346
-86721991 65165164
-50291409 -48121953
-92893527 -11701853
-39714647 -29144968
-33130578 46158916
-79022463 -67934294
-37311499 44861775
-60465281 46174379
-63619103 -74977532
76735004 56852572
36641309 30339046
24028234 87133647
29921278 -80786728
-7381726 36825031
46064414 -54462264
91188479 81165546
-22661255 66133052
-22380884 -86687944
-73641152 67880497
-22901620 70589067
31587272 26494984
-19692638 70957534
76764767 99938968
81294110 2470377
92602147 96171649
24244381 -15748273
50147776 54120790
-23766112 -15593954
-74306936 85647660
93255861 -16207009
71569434 -5067521
46364889 80118988
73100432 -65506644
-7571106 76270510
-68064051 8786422
28894643 -52092127
-79638017 -59160199
-42763719 27573525
85
-87442623 -39867088
-45394614 -97336243
-71016502 -29387274
61562973 -74701683
-81471119 -34348086
19606504 88160761
-27895849 75470423
-17758454 30593521
28352872 97036757
15463339 88464480
8898016 25144940
98604850 -6447049
-27592692 -5650430
8699638 50582853
-85313030 -76577653
-20641552 -11414021
18429793 67381117
-24015719 83515937
-94166880 14677800
55233965 -96496652
29592919 99771749
54277690 -16122565
-96126389 -5465209
-57982896 -14225380
41382693 -16687194
-88523649 89585541
71108038 12608560
57461880 -57829285
46400972 -42132636
79211195 -38140995
-44067091 29464549
-24748645 993320
-70234500 -49194589
47551739 -71142922
-38482733 77175765
24918616 -25038
81182496 -68258587
63521650 61396411
-37270104 54818115
10009892 -5740233
57174954 -7099699
-13611875 -98863524
64357896 -40937438
4455011 44924129
-67756527 -25737569
78103543 -1185944
88369253 -59752401
-85499484 -18646102
1515650 43699054
18129253 -40250946
-40545108 -8912069
88335263 89400644
85610752 12735933
35785487 -29972681
86040699 58139491
34100081 -49393017
-83827709 -1355832
36328812 -61848709
79303186 -30272259
-41315803 -59777071
-90111508 -35216360
51036926 1155704
-86467701 25484886
88021176 17583871
21008326 53328000
-8617823 93159169
-9635710 -60328717
85595534 37188894
-32804298 -14125118
6959891 -7617763
80194108 6217839
83354306 -3672671
-16235159 -32625482
-35977426 -50550797
47787247 -74154714
80011200 -83003892
-94251334 12657437
-62278941 -47161781
-65210897 -82845156
-27091578 -6626561
-6031555 74620321
59134846 -13744701
-95194959 -43236028
8019954 -58612748
-54587156 -99469622
98
-45230401 21866078
-22948650 61908913
53800052 78820718
-46022769 -14975570
-76994362 -84270817
-61571764 -33813617
-93851883 58023850
71507243 -36829678
90403235 75239392
-3845583 38675580
3583335 -48023703
-19212579 -49841807
-40686854 -62014190
29534805 -46232362
-67094000 -42538016
-58552885 -41253458
16012536 -44112455
41127196 -48327263
89231936 64828430
63484577 -47969281
-44681020 26646452
-3280922 -8037960
-99605100 -46804314
-89074025 -45146400
1373608 -54020283
-42119781 92966507
-67446648 -69251993
-36377081 -71132752
-9672951 -38758457
68308754 90716592
-60014267 -79880995
-80951621 -42003442
92538084 -80520645
76029760 -57334304
-52316402 -83197434
34259235 -50220050
82662671 -6118522
39419451 -29908402
-85367153 50362083
-2846025 -52104985
37012071 -84585819
-50899629 17984221
29850657 -51206178
16397933 -65799739
4707938 -41125999
-3665607 51663634
-76141512 -8498869
49659248 92680018
-68859089 -15834972
-71916158 96903129
26516005 -28953313
-66263668 -52963057
97063135 -54926800
51849036 45545208
-55192746 71710153
-3736599 -74575783
26227956 62897194
24029782 75653908
-1612573 -6829673
-11418610 2985407
65845463 -78605543
-19385731 -83976767
92566663 -66582341
97631177 -15692338
8772556 -57690717
-8029523 83618752
-26605618 -21021544
53998628 -35273785
-1666747 93055191
-49016577 59983856
-38140210 34474186
84271653 18826232
-8875162 18844125
29384447 9868610
42901023 -79408056
21955042 -56339899
47862008 34401641
3343879 70514481
95689450 99321953
-15756131 89321865
-91461996 -30201021
-1861054 -63476039
78201741 25633436
82996624 -80601302
73730519 -49368462
-23259997 16998602
-97098108 57287970
45741641 -24879959
-42215407 -65678907
34699746 -80775239
81317832 -89418171
97694421 -71826820
-2439204 4910788
-76007692 -99119164
54282383 -67992751
11429636 -62338542
-94841408 34183965
-80273289 -95415190
1
-1516989 20147883
23
7820361 -48106333
-86419808 93582793
-4493666 -32684508
8196585 -66697079
-12208563 -2575765
-76677283 74766351
44137532 39876294
-86438158 18827666
-33565328 -91636862
-27108608 -84192160
50139959 -80222735
-83563642 -58002387
5689481 -80164891
-99723761 3414161
8650481 83064464
-49712648 -81775360
-20665021 -51321741
-51368327 -7117123
85207845 50064579
-34732790 14244226
15736970 -94902467
45373941 -54493809
33434861 83269101
12
-13357857 -86798294
84725230 -23439400
84723882 39318871
40888563 -31896740
-16908416 29866823
-57111192 5129483
-44449023 14704589
84864665 80606803
-56363186 -48935576
-88939123 89015322
63619570 -84928699
3312205 -99960752
25
-6451336 -59532915
25145835 30986278
-86705863 27357503
96131982 4267520
57034370 54822195
-37117498 46986100
85903796 -76747283
-23971197 -55489318
1775448 -18948412
-19262543 33587006
65349092 79633952
-22271861 11745110
29457270 10788650
-81262529 7695124
-10708735 65684589
17011704 -49373520
78713886 -50821382
-55929627 32718331
-99936053 86889093
-73502120 -82510086
-24862226 -86048990
29254481 29820056
-22017545 -70112151
17197745 72222377
90601780 -53633151
10
-24004053 50044379
77267874 9576951
69356088 -79215278
-20397429 93565880
93007059 -46923532
71960130 58859836
-5606462 6027576
-25135089 57521568
44625395 19083707
30949218 -33650012
6
-32053357 69078667
94556680 -28878231
-89250600 -18654103
85961703 45864169
-66501782 -89379450
52255116 97848828
51
-85739316 -70122784
-25366743 -53791633
-57469889 -67389301
61204827 31475163
-41207608 -81952530
10574485 -71920489
860630 -87428645
-4552922 93480649
-59151201 -29466392
26345443 54854433
-43613857 16851483
59891028 -25065797
-77106035 984287
-84197609 36777801
-56452060 -67903700
24683687 84286549
4061445 -47451191
75571174 -37336978
-78661260 -66647573
-12510898 24469228
82372245 -97179927
-38736888 -76544854
17370167 17927675
-63456865 -38825784
46859226 -83090725
85487785 -69990307
37901382 -82633944
-31048591 -6794721
53887140 17827879
98457081 35518046
33170789 64249909
-13931402 44193390
-50933666 99063827
-40023415 -39385930
-85297237 -4078565
35529710 -18218911
59290525 79357720
8821051 -43831457
-1250563 -61664549
81858111 37075888
-7976436 31023094
-41060716 -87564135
-39388827 -39209959
-4783001 -30812257
53228135 -62477122
-88065115 -8041386
-7598306 73120863
-55452479 -8184853
50230340 2724579
97579810 -41969705
-72811024 73816607
85
14449254 -25774028
-69306803 -56938107
-83750346 -38577710
-11037559 8685154
-89114547 10883063
28844827 23875713
-59095930 89663143
-46556366 64008618
84842863 82884193
94201197 -76322714
48272888 93573759
-92669140 -96145583
1330628 5970534
18306953 51172175
-59102941 -79331440
44036888 76515898
66532623 -66259338
55173992 -96975686
-73601976 -13453958
52980491 -85550192
-27929782 77826001
37362114 11943574
76863008 -28520778
-51007251 -72052076
-77628369 -4984335
-49501004 -73470234
-36776076 -3586649
-66949074 56990304
7413380 -87251099
-31678388 46664017
-92632530 -68163396
87594206 -74736357
76422055 -73403793
70738064 -53600395
10367576 -92817828
-65856543 95473664
29321929 -77837208
34903219 81701399
-29578829 -75294058
-46544461 50161658
55408261 -98506838
24189524 -27192984
18700012 -55112229
56254984 32397565
17203426 25664714
14342890 -90980817
-6456461 -93138574
71534692 -2683425
-4187472 -63304191
3405148 44869656
38378046 -37273381
-90991653 -18738683
62809034 82985851
-2937203 -51602474
-92676984 -78697998
-64022856 64317842
-91203459 -53104644
-73917056 81360169
52495445 73025635
-22902279 -21706483
28921988 -44118607
73915655 -80673124
18809826 70806023
21407660 6681698
-4895264 -62950602
58871457 61905692
-72419637 -64794573
83071867 -70926444
51890930 63701008
-45776515 126187
-44190107 66694211
30408613 5786695
-89902592 -10467495
-6336058 -48396150
71930761 14988041
33839056 32130260
45553844 97342916
-50884714 11660154
486899 73488377
25478150 1791807
24915228 60647384
-72195791 -32923970
-20566054 23729704
-18649429 -98258734
-42834881 -92883492
96
77804096 68216691
-4510682 85278154
21360822 -48457392
94272116 -73166861
-99593134 -64280284
-68845135 7651530
-52265846 28360244
41788675 22093493
11369322 -54452514
79192549 -67132191
57648000 -69319090
87836456 96499822
93011634 -1599582
-62402441 15044097
12218127 -72129388
94416397 -3030619
-42535269 94987134
67936302 -84672189
44426488 4437419
-75177115 -6922947
-29735694 -12835942
-53826299 -77150873
-68506628 -68914079
-10292965 25135671
41563403 1031259
-90353522 28714464
-50594508 43443868
-72472401 -58526771
-17781876 58888299
-80467394 73231706
-21862330 -20676146
-24250004 -6758187
-33020808 -45822771
-60944889 52764578
-28533101 30539597
-91509957 -81110573
-52081212 49604257
8494085 -9657471
-97857398 18779051
61266177 -70667758
35914692 -38856594
83694533 31689675
-50586301 -98738322
-9671118 68307291
-48952912 -14624704
-82641714 -1666906
-76877174 54652112
-17210143 -96570020
-24507962 -68007577
-45987650 78378568
-56220987 -40134684
43427167 -84288416
93100671 85600254
-83083356 51815355
-26577631 36964980
92052501 -80525008
-25994275 4004386
-70719837 30168218
30731415 -66087970
85094724 -78479537
39778425 -4147594
99836821 67213119
55522366 76641168
-26013153 -65243067
-78301414 -43494460
-33763393 62947604
-76771985 -96042630
-80589703 39370516
34956908 -31198450
-73080327 69227585
35240311 16132493
-50856793 -83992740
-91389611 53016485
41910594 11261635
57298063 98255648
84613436 -23166296
12978713 94439820
-13739102 54811120
28095928 93047891
80735269 15597862
45613149 -4068576
5442376 -38700770
72254425 -92574037
-3186382 98382744
-8367290 66492487
-69749978 52472819
-22839303 97580751
41607443 94078472
-82353433 -46030290
-10957042 91993823
-43805355 -24848724
-51132206 45351529
86798431 52992143
78492468 84154231
-85309115 -14338049
-76023469 -63628776
3
-2089191 75168576
88475883 -71085875
48261107 21932366
26
-80582786 79735963
37269207 42441330
39339111 -31130354
97635497 -9620988
-54771637 23026166
48654701 -62112394
23953470 1018163
65233631 -46758765
95683528 83665518
36164374 92849048
-31403974 -99640602
-49691224 96962011
5373693 90882072
66005490 -99236266
-45591963 -77848791
-18081139 82087005
82740176 71791907
-73973451 -27983876
40011931 673867
36592872 79619000
-7010036 89338142
82741288 -98228072
-50898892 11928376
21177706 -89221691
90205463 29852876
-28637886 -92175562
47
-81192957 53410049
-50788133 -34256450
-69532692 -35581390
85860998 -12790465
-47395340 -88934923
-37595863 -31591966
92619745 92327600
-2045525 -82189199
77898514 14196873
5626716 -54517304
91953743 23512808
41198260 63433389
-71043952 53555398
-24343418 -45753392
-27452699 -96643003
-12482216 -10229522
-93090149 68474390
-32456327 -47294990
-45031556 69857205
-78793545 28912241
-89834580 -34155179
94347866 59426853
44183894 34927043
-23026044 -58734136
55338413 34530184
-88262120 34357006
54399674 77764276
68392261 50505130
-95395282 35633541
-88214142 -45977646
58649227 817458
-11065342 -63568410
42327020 -65038107
51156711 -85855638
53716793 28345235
-66253457 -79581058
-18381378 2714065
77342640 70747314
5156377 30023932
21165422 34786807
-60056771 -80941334
43566444 -969895
-32893114 -22084425
23945990 94705065
-72537277 14035845
90286268 40982966
12719690 63050484
72
-89745323 62235430
-37163947 17534353
-28993437 -69952594
45413965 -37347413
-88255022 -88794881
37582024 -47057007
-94241622 56781691
-26035281 -52778165
-10525137 53686847
-41682860 -1190290
96901228 84641326
83660548 87035395
-3605821 -26249672
-7104106 -69374765
-9985677 26274963
-48047190 94225104
15966325 21065572
7824346 90130949
42903508 -50870147
10161267 28060258
-74267595 84444452
382118 46611921
64317884 75335601
3756954 -59617311
-37897822 -17061516
-8642911 229830
-93034010 69801504
-64286619 69900786
-71178832 -7899543
-4768927 52649655
-37139397 -79857822
97832013 -52721659
-5975106 -361077
-88519756 59945346
-11413935 51037889
-59068102 60047841
-38036661 42360792
-21627029 -66383290
49614192 -18252599
35180833 -47353225
-70293775 16601179
-5097157 -21703840
22791340 61466198
86508526 -48596945
12923942 27266663
-37469211 -8140850
-47773398 57373436
51709217 -45501908
-76425771 77368675
41866580 -53574828
-50169900 -58574029
80354036 -67247771
52834082 -80308681
81445905 -9645666
84837460 -23844744
-81425485 32601907
7008479 -86444793
-5455285 13073888
63177105 53830719
-48977412 75201192
61657625 -87260299
44664196 -45425058
-13215885 -48976333
-51821924 22064046
-51134358 -13516804
-69956755 -26120112
-70972717 -22761307
-31758520 -87353007
-27565848 -52338027
70442219 59101295
53925347 34126916
69867050 91509068
93
-75934791 -13143363
-75409830 62026870
-19064499 -97190472
-83712777 82253677
-15258325 -80019766
7307271 -33010226
-31429233 -66434431
33253331 37528628
34964768 33009854
39239866 -233626
85426364 -28563599
-44471498 97907939
21118187 -46115526
-51508690 -51979463
-82633764 69979572
68722821 -18341858
-78458601 -30567469
-36536415 50254871
44027126 28146369
83127104 34427283
42179266 -26261311
-22344603 37583166
52071503 66999125
17056735 12444468
96771103 -68421993
-28215450 61816290
14759509 -51552417
73449454 93210115
58114226 88901160
-83116743 -51148941
-70877210 -1754352
50116336 -82496753
36211304 -33220021
70583458 -89916972
16962583 -64868609
41930118 -37027901
-42112796 -36747426
69269752 -87724067
-90217330 -2206687
-7831902 -73906019
97172725 48323920
-1507577 89372073
34125957 -62331711
32652813 -16600479
-28978169 -92283573
37366300 -24885646
-59463754 49343250
22969518 57955703
27833704 37340202
-51510524 -55703521
-27535402 -19335827
85397222 45504994
91740346 17744707
-67016558 -78412464
80019527 79924977
-45212242 40617636
-92407728 30798068
68237576 -45354788
51749671 -25762024
51599455 15670841
18299999 57132805
42344100 -30169830
38845467 12534733
53515949 36186661
78576011 -14850065
28803575 -58237152
14970573 84800129
-413152 28091235
98441343 -2106037
80386606 43911707
58621275 73092191
-29326380 27921270
5590585 -41140765
-26885848 52543054
57575242 -53520172
-71223239 95220862
-2692694 -90642883
91443251 -55533760
-79307499 -7347836
-19633630 34736114
22828682 -65602990
99302445 -31259033
-73986043 -29153503
98119878 34992795
-15613034 51697152
37325731 -92875484
6193209 -15578445
-2616405 -87416091
-22694224 4559185
-72601167 13298379
88980349 44087894
70629046 -83291231
-98894262 31493185
98
98087037 -1702594
65366528 31647995
28593216 -82276054
21134198 -20631880
11554650 38527906
81251376 41445595
-62452447 73436092
57109007 59433535
46120042 20757510
-40652028 -16781837
65057092 -46046051
-22232714 24756650
-9710062 -88849153
60407623 -23202775
-5649777 -94472071
-24167174 -50192208
22079515 1599950
99856172 -11669750
-53535393 66982682
55918306 14623067
56497395 26033720
13132298 -17436611
88695745 7523172
66019058 -83020314
89518522 -99192085
50506753 14335158
-49727524 -9596231
-61361770 -18109202
35541076 25467023
39262838 95191141
21001611 10683744
52201509 61159851
-61082264 53484274
-13832966 -62777181
22468631 54515949
16540365 -14701049
62803767 3900467
33247316 19046792
21571441 -21996170
-58036226 -1526642
-62730200 -97265257
-59929542 17401095
-19324377 -23717056
5771461 16165185
10203175 86991194
13901455 -49853587
56377527 -25557029
-43620404 75257818
19617266 89884052
3781309 38313596
4424912 25829114
51140721 25567537
-11455180 -24483008
30850294 -66227627
-30474594 79857679
-27143169 86830577
-19816722 -25011216
42136229 96606713
19611119 -8426224
-56889494 75040759
32882352 98163950
10164010 -94333208
54689643 47385704
-30197707 -27834410
95999309 49488349
-11568849 78546742
74802419 -82945578
-31681522 35443763
-52006518 -34566413
80785124 -67080265
-71729736 -10329457
20591331 -70037010
49296577 54539468
64868703 -27883227
98796611 14825131
16438638 83891402
-88970487 -2504233
-27851382 -70682648
-15139021 -37399624
42087548 -39561746
-87386785 -49212919
-12487098 48913321
45586985 -27292582
94077407 99550678
-24201680 62494288
-95378275 93320193
70731420 -81281885
18311732 -33339562
57220688 -59164077
-57136548 49108603
1147652 -36724484
-86060772 -11395369
-3864608 64526028
-22702962 -98060385
-55748092 68675190
28144754 -95723532
-3516234 -48031892
-45711947 -90948717
94
-78947984 84433455
-49070836 -80167172
73373549 46525649
-22828189 81079507
24280075 80002641
76949854 -55316447
-84937047 -46099333
-49940931 -1807885
-1993972 33179021
-43692946 93303211
-66233568 -95160058
-81237449 65051888
-51816565 -49279276
99219504 -45010900
-45359766 23908614
-17640525 -56324286
-20253302 24535973
-32737075 34028774
-86376185 74114778
28520447 -78444504
16276973 74077507
69197814 35159657
52991580 92911490
88314522 48300876
-82632591 -31542392
70257277 63727396
57425712 -28392057
51372229 87979631
-31312709 20695731
-38128117 93549141
-20967255 -15502165
61452759 5301631
60547736 41377054
40859880 76548615
-78907576 -10889916
84534209 -70480313
91835914 33765337
-16798220 -53547165
98852469 -435386
-51074844 -11653058
83456684 59382958
-13555858 -82407789
58558503 60545454
-9630472 -34277553
-70069929 91226328
-98930760 -49933414
16446394 -18424147
-95006751 517546
80511879 -84282189
-61527554 77358464
85415015 47884486
28176816 1843501
-86737373 -9901833
50629703 -33107897
-19107954 40732775
-80372900 -44947402
-34311090 76062389
23963341 -20175244
-90749875 -29643388
23785331 -14782310
11983846 -33756087
22704412 -83692597
38616398 -18034957
-58111332 20286243
95045509 -95104349
-69697440 17163767
84737631 97615106
-26884995 98575437
88067528 77602490
-75700658 -88149479
-60100803 75185328
33052237 87793140
-92948341 -37771092
-12473743 -18681106
95357097 -76241188
-20486926 -21736116
73211512 -62982540
98912211 -82607379
79864679 32397647
34173268 74743090
-27216353 -17947848
67198784 -4435025
-47234052 -43424052
56110925 55714703
-82378206 -70183692
-80840080 34588285
-19314852 -77677009
-66512019 51514900
19106099 87660071
-23673006 45630568
-85836932 68726321
73483449 -87551315
55732147 97486252
25031740 -46818920
43
3079555 24785024
-69113333 77074472
-109117 59866826
-91099661 6062013
-23869971 -27216766
85870442 -82147925
-50461710 18478975
-26978232 46420714
53013391 28208447
-89261958 -27102943
-39321029 -18203997
43734028 -36882028
3265308 -48209021
-99342162 8456585
-21753512 5445831
13927753 77766479
-74877121 7169027
-84107445 -906224
22356867 -89109070
-88064222 9633589
-52421952 -78525870
3157904 92957373
-86823909 2043487
8274792 56902032
90258743 -51961875
61164202 -11558803
84786591 -11279485
-94066953 29332928
47484375 -42488343
4157611 -52338455
-2616967 -62383794
65577316 -70435114
79279623 74319372
16741912 -79004149
-55539271 -86971323
48882667 -20863794
2778325 -63305936
79453894 80973657
38448435 -14655308
-12689537 12545686
-152007 -26116926
-62434300 46533576
58895184 22817325
47
40342415 3475905
31247981 38650239
75346304 91257471
-85033392 43026280
-18924949 12251320
-68061936 89945218
-19919765 -3991404
18237435 32503379
86575675 78161870
37543148 83702616
-43584556 -11974517
-25759058 -21475924
-10405579 58767339
86575439 -9958370
-60030429 -48924926
-96250056 -27446716
-32547524 1081717
-60196287 -38320412
5288886 50186045
58589105 -71397251
-40154436 -40379621
-6809579 -39528445
-97239992 742770
45721228 60446787
13351814 -63442136
92286682 51175774
-49216705 87730041
-81321226 62667220
-70268645 -95997514
64733922 -782364
32020146 -62801862
-65937708 86486977
62664830 78616549
8131094 85854882
-35060678 -95936300
-28253137 -28776022
21074259 63038476
-91365836 -8222906
-36463657 5472608
39340299 32982351
91733638 -30756461
53751531 -8222142
-51988217 82701475
30980010 -18774502
-69131997 87795331
82543890 -43172863
-13766116 -34201921
83
97774305 82087249
40098279 23799148
-55874607 94998696
68471478 -71895438
-3533751 -47338743
27524104 93421180
-60538057 39605334
19753978 1021203
58324663 42041717
62319262 99655790
23653167 3274903
56147714 61357997
78631879 -89964744
16054876 45597922
47134813 -28235949
-11935035 -41460073
-95321391 78964320
-87420132 -28314685
95353963 -91436952
-74304439 76448503
65876359 -16582534
-98644240 -14978816
-95427478 -78520660
55087538 82613400
88301383 -90062182
67479083 44367398
82409225 26880168
95257144 -93929033
-84473411 -90416028
-83093580 -10587783
-33608179 39759152
2262121 -82840680
-45478833 -34385189
26673030 -12975013
69370145 -29872951
-27891911 41522115
-33417812 90068042
86358894 72962116
-14156154 -34039516
-88050869 81289808
-73358838 -842952
-14457469 63589228
-23199496 80310211
57698899 87813558
-55060646 -70402233
-45247872 -23817193
-407117 -93649394
-28926344 73813473
-64434143 30136482
-92559398 6337295
-82736475 -10922204
275510 65531987
-73632844 50649287
-76138051 68460533
20048958 19955630
-62178602 -90406480
22646836 13564850
26544769 -33312096
-67270023 -53167502
-89832819 -32667015
-19533950 -93718091
-63793156 54033497
-25208914 76858048
-97133661 99381779
7650521 -40176685
-82704714 -80587501
37687418 89884856
-30849443 41366232
18242011 -4591189
-61294559 77862079
82799702 -10025622
-19552395 -50230201
173591 -63870571
-37610181 14425332
-13398177 -22386368
6347185 49007454
25839353 49501321
-99247168 74211255
52764653 81962014
14287292 19873032
48879657 -12844302
54795286 73641227
-71430080 8924372
6
-80056312 19578096
-88455289 -14655058
-93289912 -7060601
-8891620 74763747
-40673003 -77907557
41215831 -69930914
70
-36212507 35167537
-63697973 -72028859
-98554856 -90183070
18398936 51646773
-28438596 94570041
42759672 82428671
54282787 73473264
83204293 53804920
-4662385 22382114
-99610777 76778987
-6911590 -35756562
-46487066 -86191579
58042358 58440782
25950544 -53913208
-7349795 98162621
-20633816 -56771774
83800654 -547812
51164929 -5000770
48131852 72442225
71775713 99311926
-92296871 -39225022
82162897 -14648222
-32903227 -72865305
55807356 12455894
-20120314 30938730
-22314751 -58462563
-4424791 61960061
68944678 53338793
71707556 -66674483
84147249 84753551
35840392 -88005901
38010690 -52231321
-15380537 17964282
-75075522 -55382373
28786672 -44472955
-24071718 -27812096
99143873 33669635
25681608 -59782668
-95946819 -20583775
95884313 16073064
39158229 -78904990
36792745 25624745
-89321496 -68780483
-55054458 13267616
-33226478 22262979
88352664 -30716519
49109373 -64351724
83421080 -39969766
-8170861 34363426
-34712185 32849553
-37397734 6150080
40268060 -42994019
-52789173 25707470
-65192430 -4730687
-8602603 61091716
-3997500 -84349303
29354265 -86833331
95618275 -71255881
6621242 -44509167
-92675176 -82637118
23674608 13844993
-11134876 43406009
19301293 -59888736
-82084960 76988524
54853508 87454326
-58007500 -3333427
87101875 -50374468
57210941 -28374529
-65330850 -23411620
27984566 5458546
72
-37767726 63623927
23746396 -94472249
-67734651 27518446
-73444573 32352133
-57184543 -31144812
-16481176 23652770
-39649474 -79786873
82155485 88067125
-40907546 10553165
7457233 43023553
-47850669 -32180675
76819480 96969038
29815846 42641894
-19813793 54481236
-41925444 96745357
-87630092 2292980
81747664 -63754807
8117954 -4930516
-97483826 -3800390
71376390 49899705
-31231652 71805225
-58178832 80453838
-1775696 35526494
-37145023 -14930581
-68892820 44994404
31314245 -73222070
35941155 -89090561
-21151829 -67360745
78935163 76962456
73817190 85770274
-71040525 -68728991
91142536 9623978
-96914417 -50454799
-43594018 81995396
97936703 70445330
33003054 92650
-48827174 97392942
10168318 -92597178
-22963698 67770094
97200681 46993842
-9935209 12433925
45446884 2374614
-37469268 99931800
3105036 64714866
39408779 -60677438
-60513564 46370982
-94161763 54976520
-83021595 93294737
-3791175 -48543038
-3072499 -40026359
-84507517 80154118
-36992431 1629120
-77419097 -24677174
84904525 -46314327
-10994418 71045556
-81861857 -46001204
-11825208 13837139
-26075001 52680158
-20037353 40611885
78069093 -96420059
31214959 83648972
99068704 47427723
-79742514 4874867
-48478011 99817349
32827390 -7379159
-87324179 -72921468
7955722 14911141
-96677945 -39129322
-2066841 -15270717
-88139147 -81867963
-9157282 -90369289
-88829911 21160217
97
-87025807 50406202
-50797466 -31628860
-90568686 83371609
-85729096 47867581
79679188 42124545
59874196 -49194169
-32938194 -63329031
27900448 53731591
11450716 -6992369
-7291938 80262173
-55460966 -31093766
-72626738 -4392598
72729833 26823357
91833246 1094676
3711988 -92373949
16284526 8252501
18442236 -44064682
-62917892 26265991
-16470695 -37183729
-46401601 -97390136
29852714 -30981944
-50057149 31229135
-22274160 -53923977
56861405 -29571754
49935681 -81110691
17393232 -49402085
14194349 -86124626
-68721147 -63570059
2577103 -29807309
55946172 30789297
4521013 94709091
98057340 -89947393
-94246198 -35406325
-49020138 -29200702
90377588 61031000
10692508 -81132325
-90132827 -85296417
14297194 34894226
-69465440 75024218
14893556 52226293
-28039887 41022489
-70691244 78964673
5996154 -17659878
-86140397 -10385734
40666279 -86772606
-93740229 -44284073
85545024 -63383365
87398779 83572043
-66576745 -58533491
56321217 99228737
10122213 -2981845
16163399 14237568
79820330 15894180
59459094 -8942988
-24945783 14307185
-87839273 72950611
12801927 -95074870
-46462227 51251717
-4158916 -82584022
68011937 -86409595
1985311 12401343
73894742 -80149707
-76325375 92952822
31383231 98534280
-85252500 9543969
88032010 -66992340
74632454 19421131
57773960 50283841
-50342509 40327329
74857393 91112045
-18557744 -66862691
-5157686 -57764159
93632356 -11284829
56341703 -12006606
83931015 23742402
-10679780 89707189
-72211847 33886241
-79778753 97711545
-41720124 -33082201
-80746472 64595320
-37078251 -80014234
35383177 -23389877
-92910937 -50636864
-62300436 45327946
-90371719 54618812
-97287382 40867540
-86418406 3083334
-10203478 43765959
-23263790 26651897
9449798 -53244790
55315319 65915230
-30519715 -86498954
96221229 -57960771
-72997412 -38040483
-36700825 23706532
90215230 396072
-40510174 75207366
70
6207415 -62126773
-39073812 1078348
14110613 54338518
-78078243 11815818
51345434 -11036541
56652435 67253305
79084331 -94662196
10917350 10315895
3454554 20856740
95126947 33588658
18464209 -82142413
33970186 74226138
61914434 -37981795
-82549321 -9778808
99456479 77455913
-4333831 62150697
93591024 -78114161
-7179662 -11568247
73855848 -735514
459474 11807917
-84842414 70438321
27119613 34924255
-48057162 -17839360
25654686 92699356
-60502627 74534186
25062806 -6530688
86608695 13389033
14236472 89910233
-68223595 76449121
73165044 92234282
-61666341 45455839
-94101364 59762889
57839596 -32254030
69258536 87199658
-27496789 -4808732
59192184 21682876
84256668 -36070002
7513716 88226275
-36383607 -95931963
81378368 38061437
-16777409 62249267
64044056 -12444368
80373770 5288012
99308255 58624916
3812762 -81982728
-58013588 -86137515
57411068 52334852
-98988768 46113478
-70077855 -82517387
33763213 45680980
-44172603 23996920
-83951338 35234716
-19363873 54876350
47501171 -24641208
28842230 -28837993
-66461185 54446927
75389727 -40690049
74257393 93250270
34163127 48287650
72942010 -3382968
24410527 84942001
-38693519 -90531884
-33539847 9723481
-82619364 1024434
87898037 33707888
68517669 -60219168
34704270 88535863
-25859052 -56579360
-30899053 80816430
-75838017 61644276
