100
75
-5743 -1343
-8911 -9490
-3707 -5039
-1767 -794
-3221 -8454
-4094 -2417
-1900 -5414
-5181 -3404
-8373 -9414
-2350 -8097
-7403 -1166
-2073 -9585
-7894 -203
-6673 -1601
-3771 -1088
-4021 -7352
-7829 -6777
-4295 -2278
-292 -7490
-8476 -1754
-5940 -6149
-7424 -8134
-3355 -5550
-6916 -1136
-9763 -618
-9204 -2857
-2990 -5752
-1570 -2173
-5242 -6728
-448 -7448
-6386 -1712
-4444 -5247
-7271 -195
-2766 -2226
-1706 -477
-4033 -2455
-8949 -8191
-1654 -6232
-8135 -5958
-9995 -3083
-7739 -1556
-747 -4739
-4998 -6068
-4247 -5591
-740 -5908
-7284 -3768
-1229 -7349
-5925 -3475
-958 -9235
-1291 -3725
-983 -2203
-8857 -3892
-1110 -6875
-7267 -6442
-3627 -3914
-699 -1317
-2422 -9032
-9194 -6335
-4461 -742
-1462 -3769
-5908 -876
-2014 -8323
-3870 -5254
-2571 -4128
-6813 -7211
-1546 -1621
-4190 -4446
-1153 -9422
-8188 -3187
-5973 -7332
-1999 -3797
-3463 -4272
-5924 -6048
-3169 -3910
-6198 -9821
18
-2806 -9771
-72 -7146
-7733 -2128
-2693 -1384
-8224 -7957
-2688 -3674
-5172 -2063
-9174 -9683
-5736 -7373
-7246 -3839
-4476 -3979
-2140 -3452
-4824 -4177
-9166 -5143
-8724 -7200
-1069 -5693
-2704 -6333
-7264 -8887
86
-7006 -3015
-7068 -822
-5735 -3608
-3133 -3324
-6783 -2689
-559 -7818
-2251 -3712
-2011 -6050
-1057 -7409
-8458 -3643
-2614 -3930
-9580 -6318
-9253 -346
-7230 -4365
-2975 -200
-7160 -709
-8831 -9261
-3804 -2411
-8590 -1411
-4058 -6926
-6974 -5042
-2163 -5055
-2620 -5198
-3853 -4346
-9118 -6731
-2649 -7297
-4487 -4221
-9850 -2260
-3934 -8747
-6354 -9501
-6328 -7496
-3883 -193
-4547 -5244
-1061 -7527
-289 -6283
-9251 -788
-2568 -9012
-308 -8822
-3872 -3285
-6249 -6241
-9781 -9660
-9631 -7672
-1841 -716
-1184 -1803
-2028 -8034
-2406 -2794
-7189 -8819
-6609 -1306
-3077 -1166
-4244 -6509
-776 -6602
-4837 -3217
-1130 -8354
-8201 -5115
-2795 -1725
-1325 -9146
-1346 -1614
-4393 -3452
-9481 -8694
-6226 -8394
-3998 -4464
-5521 -2168
-4674 -5811
-7247 -8468
-3277 -9440
-8500 -8671
-8558 -1618
-4354 -7457
-906 -4484
-5824 -8126
-8279 -6614
-8465 -3732
-5983 -3466
-8669 -9155
-9639 -767
-2104 -3517
-3965 -6327
-4354 -6720
-2980 -8580
-2951 -7544
-1310 -3557
-8133 -7117
-8152 -7277
-339 -2467
-3326 -5036
-744 -7582
32
-7292 -6885
-2683 -690
-8235 -5684
-4500 -402
-6870 -958
-9546 -590
-4389 -1508
-3303 -5017
-2920 -3253
-2970 -4170
-8041 -6771
-8977 -6995
-8715 -8498
-7288 -6279
-5377 -9490
-3713 -8858
-5104 -2280
-8944 -67
-7489 -5465
-3977 -3581
-3683 -8592
-3216 -4581
-4227 -1370
-1573 -3091
-7617 -9314
-5248 -1541
-274 -1369
-3847 -5943
-2006 -9809
-657 -4906
-5254 -5364
-3005 -1307
29
-6718 -9925
-2661 -2389
-1802 -4104
-3809 -2704
-3594 -9515
-1771 -3589
-6196 -7814
-7025 -4037
-2092 -8548
-3286 -658
-7968 -702
-3318 -5169
-2237 -9787
-1917 -6733
-8298 -8993
-3368 -1374
-6570 -9147
-9759 -6659
-9517 -882
-8232 -322
-9755 -1931
-185 -7070
-4215 -3732
-6292 -4245
-2076 -457
-119 -2791
-4959 -7048
-7840 -5460
-1159 -3563
90
-7289 -4970
-3070 -4846
-1257 -4287
-8052 -274
-3653 -9207
-3322 -434
-1675 -3098
-2341 -6600
-9823 -4357
-9120 -2666
-1547 -6560
-2267 -1485
-6491 -9758
-2449 -7508
-6207 -7513
-7759 -7353
-1286 -5667
-1407 -2647
-2261 -8749
-9620 -8726
-2477 -6312
-7684 -9691
-5975 -4199
-6714 -8458
-4559 -4319
-9187 -6518
-2481 -6828
-5954 -3525
-253 -2174
-6542 -5606
-8634 -5960
-3192 -4738
-8273 -4155
-7273 -4663
-521 -2302
-5475 -4603
-234 -3967
-9945 -2503
-9195 -3452
-2529 -6654
-3143 -8219
-295 -7076
-7198 -8045
-2689 -9533
-8296 -1355
-5440 -2788
-7403 -6083
-3494 -4783
-5736 -5365
-3133 -7315
-6968 -1764
-2947 -109
-4452 -4027
-3279 -5370
-275 -4909
-6972 -508
-4189 -611
-74 -5579
-2052 -4179
-8582 -4562
-2158 -8693
-7365 -4667
-9896 -89
-1661 -3726
-9158 -7160
-4908 -5459
-3117 -2778
-8947 -8891
-4720 -3653
-2056 -8028
-6466 -9327
-6674 -345
-7389 -4017
-6323 -8330
-9757 -3609
-6787 -5277
-1315 -2794
-5316 -6697
-4450 -8132
-7043 -3827
-3772 -1936
-6483 -2098
-9940 -5944
-3259 -1885
-1482 -7710
-8368 -5515
-2548 -3552
-1184 -619
-7238 -8323
-9198 -5447
86
-3145 -1252
-5381 -6631
-7841 -1091
-266 -8814
-4701 -8187
-5385 -1277
-2626 -4213
-2635 -7065
-6504 -3590
-5856 -5119
-4363 -5989
-4446 -8196
-9321 -2848
-3093 -9506
-6284 -5778
-5791 -9921
-8004 -5813
-9913 -1628
-5393 -6723
-9206 -8158
-1699 -4032
-501 -7496
-7044 -7780
-1248 -8108
-9516 -8417
-1388 -3066
-6215 -4107
-2741 -3491
-1128 -8511
-1456 -1347
-8447 -772
-2689 -6020
-2324 -1483
-8720 -6514
-2097 -7453
-2624 -6766
-9559 -797
-4306 -5885
-3614 -2161
-8681 -1140
-3036 -3892
-9242 -5757
-9953 -6685
-769 -4886
-9483 -5327
-1019 -6333
-5280 -8493
-9038 -4680
-8708 -6645
-7901 -8419
-3556 -894
-681 -8066
-7008 -8957
-9764 -60
-6975 -4906
-5294 -6893
-2010 -2735
-5746 -6729
-8716 -3622
-2475 -6955
-9484 -8547
-3041 -8111
-1479 -4082
-6915 -5444
-9846 -850
-8054 -8362
-7901 -4186
-7093 -5929
-3645 -4633
-8891 -6539
-6923 -6417
-7005 -9976
-2665 -3181
-195 -9700
-1637 -1374
-9762 -876
-9804 -9889
-3741 -3318
-5211 -3273
-8453 -1837
-9632 -781
-51 -483
-7614 -8462
-4060 -2665
-4370 -4768
-3590 -8916
27
-7163 -7253
-2148 -8647
-86 -8032
-5825 -3001
-8670 -7837
-8340 -1940
-3183 -1068
-291 -5348
-172 -6501
-3549 -6356
-3538 -7647
-2917 -5592
-8360 -7503
-1002 -5839
-3341 -8968
-3225 -189
-282 -3700
-7164 -7992
-4481 -3548
-841 -7479
-537 -6511
-5716 -6387
-4614 -8012
-9625 -7220
-9218 -3103
-9055 -151
-2522 -919
64
-1512 -9983
-3830 -2647
-558 -7456
-5548 -3011
-3390 -1192
-6344 -9433
-365 -9068
-6699 -5792
-9257 -7285
-8996 -4155
-4961 -5385
-1526 -884
-3208 -4071
-3130 -1515
-8863 -4243
-2189 -3180
-8824 -8293
-5810 -2381
-9267 -1212
-2323 -1773
-4149 -4222
-5741 -1877
-345 -7688
-5943 -951
-8781 -2949
-9290 -8843
-5512 -5383
-4877 -7087
-4832 -3806
-3085 -2000
-3969 -542
-2835 -1037
-1928 -6103
-2520 -6545
-3574 -6298
-1940 -9106
-8255 -8556
-4358 -9830
-1678 -2286
-1619 -688
-7369 -6359
-2650 -4168
-7115 -2693
-9898 -2218
-8477 -7902
-3652 -8613
-8869 -8534
-6936 -1236
-6390 -3043
-5140 -8419
-4724 -3355
-4970 -1265
-3568 -9394
-1401 -2103
-8661 -976
-2784 -5617
-8093 -5216
-515 -9746
-2906 -1809
-6089 -2122
-7128 -9594
-1035 -44
-5670 -5672
-8905 -2441
14
-6812 -8729
-2502 -9540
-383 -3315
-7476 -6738
-8258 -6159
-6974 -6571
-2760 -5483
-60 -3780
-4047 -2360
-1186 -2304
-4804 -9968
-6663 -5293
-1626 -247
-3609 -2495
94
-2207 -6993
-3155 -5409
-3899 -8369
-9177 -939
-9441 -7213
-6579 -4671
-242 -9435
-2377 -9813
-4776 -3451
-5227 -9081
-9937 -2845
-6020 -5424
-8809 -9833
-1431 -6742
-8010 -56
-9605 -2866
-8701 -6764
-7704 -869
-9037 -4953
-1863 -5007
-548 -2734
-2678 -4154
-1890 -6098
-9208 -5854
-530 -4427
-2040 -2207
-7348 -424
-30 -4980
-1319 -5175
-7320 -2735
-1749 -4637
-1790 -3496
-154 -1717
-7212 -3073
-4311 -8290
-3085 -2111
-6243 -1882
-3694 -4288
-3630 -790
-5519 -5216
-2987 -6276
-3435 -7495
-1318 -7445
-9972 -6267
-7240 -3854
-3965 -4664
-5524 -6322
-7532 -6747
-2985 -1700
-1702 -3343
-4822 -6845
-1573 -8956
-7090 -1926
-2645 -3750
-5887 -7160
-7387 -9239
-5005 -8922
-8106 -6846
-8784 -4461
-3369 -1934
-7012 -2497
-7192 -6102
-2981 -441
-402 -1406
-379 -8932
-4589 -6093
-9176 -3774
-9908 -4190
-8468 -5102
-8349 -146
-7903 -1964
-6610 -8662
-7959 -9205
-4835 -1396
-4480 -9133
-4897 -8247
-6991 -5776
-2375 -4417
-7024 -9230
-7116 -241
-345 -5712
-5187 -3216
-8739 -736
-6248 -6466
-9335 -5203
-427 -7132
-8987 -9695
-6828 -9016
-2566 -117
-6639 -4757
-6336 -6427
-8407 -8377
-7502 -1093
-4775 -7725
11
-1881 -1575
-5041 -788
-5482 -4914
-4640 -5794
-9782 -4249
-9953 -4617
-8408 -4827
-9535 -5101
-637 -1476
-3963 -2314
-6083 -4642
45
-2283 -9477
-29 -1515
-9300 -765
-9459 -8730
-3726 -7442
-8859 -6975
-5540 -1070
-3134 -6884
-1249 -4538
-2640 -5113
-5722 -7177
-4470 -5887
-9921 -877
-1442 -3465
-3051 -2834
-9254 -1571
-7095 -1679
-1253 -4026
-5620 -3433
-1614 -6343
-1463 -166
-9108 -1831
-8887 -6229
-8131 -6249
-7297 -1034
-9944 -7058
-4048 -6174
-3623 -9038
-2376 -6598
-1074 -147
-381 -7431
-7063 -9717
-274 -6426
-4424 -8609
-2769 -9841
-855 -1401
-5103 -5075
-6562 -5938
-9496 -8868
-1721 -1873
-6666 -3072
-576 -7716
-8903 -2628
-9163 -4326
-3928 -1620
40
-4669 -7209
-7131 -435
-7236 -1429
-8074 -2733
-9664 -3070
-442 -2958
-4093 -1860
-8682 -7212
-2592 -776
-2318 -7668
-2899 -7335
-670 -3366
-2602 -106
-1036 -2913
-4792 -5967
-2067 -7296
-4375 -3519
-4935 -3478
-1440 -2272
-6993 -5351
-7558 -8347
-7032 -6707
-1337 -733
-5129 -6890
-5760 -4910
-9800 -5759
-9565 -8480
-3748 -8816
-7764 -1915
-9645 -8214
-8869 -4072
-5654 -4831
-3707 -9224
-4287 -5719
-6198 -5543
-2019 -3391
-5530 -6353
-1079 -5272
-7635 -3153
-4054 -5731
24
-3797 -9357
-4998 -1457
-3798 -8711
-5879 -362
-2738 -9213
-6821 -6368
-2020 -8407
-8087 -6140
-8450 -9508
-6480 -6471
-4878 -9567
-4636 -3080
-2509 -308
-5129 -9269
-2035 -4658
-1249 -1506
-2657 -6673
-8031 -5620
-6121 -5188
-9842 -991
-6264 -9482
-8292 -8373
-7418 -1209
-8904 -9941
60
-7716 -8353
-303 -225
-1717 -5444
-7656 -8053
-4129 -988
-164 -7062
-5553 -5246
-8436 -521
-5332 -8387
-8553 -7729
-5237 -8928
-6732 -2715
-8400 -5396
-9967 -9339
-2802 -9633
-7485 -1238
-7531 -8005
-8062 -7986
-7387 -717
-455 -108
-7106 -8657
-1112 -4044
-8935 -2291
-5333 -9849
-7445 -5787
-9704 -1317
-2069 -7376
-2405 -474
-2453 -6726
-2479 -6487
-8094 -8017
-8562 -3498
-6396 -8041
-9641 -6540
-7849 -4986
-5394 -3459
-5182 -8480
-3719 -9823
-9823 -2254
-8264 -7518
-7654 -201
-3985 -3279
-9309 -9353
-9932 -583
-741 -1324
-2596 -6473
-7990 -1523
-5442 -5252
-1790 -3702
-9447 -1494
-5500 -8566
-5401 -9783
-4381 -1095
-7268 -8640
-4737 -2815
-6467 -4667
-838 -6541
-1708 -8852
-4538 -5434
-2273 -8098
60
-6337 -5741
-7696 -1303
-6783 -4025
-5764 -3650
-4914 -5356
-4247 -9052
-1920 -1006
-520 -9356
-9678 -7
-8384 -5651
-2187 -2823
-5449 -7532
-3909 -9351
-4033 -6091
-6668 -3643
-4270 -7381
-4032 -4929
-7001 -5954
-6859 -6743
-7403 -7296
-4462 -4614
-3106 -7120
-6650 -5146
-9995 -4143
-7082 -6312
-2319 -9777
-9526 -7884
-4851 -8267
-9219 -3538
-6337 -4394
-7285 -8099
-7119 -7140
-5935 -9601
-8859 -4183
-99 -752
-9847 -887
-5363 -2339
-7066 -8676
-2947 -1
-6369 -5730
-9498 -7787
-1099 -8997
-4540 -217
-8904 -6580
-1527 -9775
-656 -8618
-6474 -357
-8900 -6045
-3634 -8963
-5428 -7136
-1605 -2871
-9644 -7244
-8669 -1613
-5790 -6271
-5860 -3694
-8561 -5818
-9400 -6155
-9694 -9356
-5314 -3291
-8432 -372
46
-1622 -271
-4311 -4122
-2966 -5503
-2782 -9606
-2358 -7759
-7234 -8362
-4531 -1280
-6243 -4784
-7894 -7900
-8273 -7200
-9203 -4576
-7240 -6651
-6615 -8143
-5283 -810
-4334 -1916
-7455 -2952
-1585 -8531
-4479 -5643
-6166 -9640
-3162 -7734
-1074 -969
-6577 -8539
-585 -7106
-9575 -8465
-8571 -537
-8908 -5492
-5887 -2240
-1793 -4959
-2822 -4027
-9296 -4847
-9039 -6846
-9602 -9722
-6258 -2297
-5858 -1736
-4406 -3075
-2744 -4141
-6279 -5281
-5719 -6215
-701 -5742
-6182 -5350
-9346 -1383
-957 -8502
-3616 -3811
-3400 -29
-5509 -1308
-2268 -8079
14
-8068 -7799
-7159 -9448
-8303 -6085
-6524 -4385
-3909 -7322
-4092 -3384
-7827 -817
-1863 -2539
-6377 -9619
-1524 -635
-7286 -4051
-303 -5120
-124 -1695
-9783 -8649
41
-6944 -8023
-2987 -924
-2040 -152
-7078 -2139
-1102 -3165
-9715 -4232
-592 -1697
-133 -2045
-3707 -5967
-148 -5241
-144 -3830
-4352 -7575
-1184 -6939
-9118 -4718
-1179 -6000
-1142 -4935
-4087 -3074
-3936 -2145
-454 -6927
-1452 -9151
-7377 -3168
-9553 -2772
-4656 -6698
-9127 -4894
-3095 -5853
-9891 -3891
-7219 -7992
-846 -5954
-5922 -6745
-2403 -7099
-8823 -6499
-3364 -8665
-4785 -2464
-5352 -8710
-8950 -99
-6018 -753
-3095 -4210
-9536 -9196
-2423 -5079
-3857 -901
-7958 -8875
12
-7603 -7714
-5506 -3707
-5753 -3042
-8914 -2409
-7007 -935
-2849 -4486
-5346 -2915
-1802 -3993
-9117 -1339
-5107 -6715
-1185 -6440
-3753 -1073
18
-3863 -3766
-2824 -1781
-6878 -854
-9875 -6024
-7380 -8967
-132 -5455
-2131 -7144
-2471 -3642
-3041 -305
-7790 -3430
-3539 -7650
-173 -9226
-9044 -3910
-2086 -4203
-5411 -3535
-8967 -4082
-9084 -4888
-4764 -7104
4
-3301 -6844
-3914 -9527
-5017 -7265
-6763 -6781
85
-5442 -8699
-3527 -3513
-9723 -3248
-1313 -1890
-7958 -2956
-3643 -9670
-4340 -9008
-1690 -3959
-9232 -3605
-4247 -3279
-1578 -8100
-4194 -3005
-9915 -8399
-4100 -1962
-8250 -3290
-1791 -4573
-1147 -7554
-9245 -8170
-6888 -9228
-8760 -1602
-5747 -6053
-8714 -3412
-5354 -1993
-3492 -7840
-4453 -8407
-6951 -6120
-9869 -3010
-4717 -8785
-6750 -5128
-8866 -2418
-6620 -4870
-1959 -1493
-9882 -8734
-9394 -4768
-5699 -6157
-9205 -2567
-8399 -5567
-5806 -2044
-9216 -4875
-5462 -6178
-8986 -7817
-2831 -1351
-5712 -9589
-8875 -5573
-2722 -5393
-7422 -1198
-5257 -9854
-5784 -677
-5153 -9297
-5730 -9981
-7449 -9417
-7228 -4721
-9053 -5305
-3977 -767
-5104 -8693
-1539 -9987
-880 -2133
-6220 -2116
-454 -5304
-6987 -2565
-6978 -4803
-208 -6390
-1317 -169
-8897 -2862
-6802 -4387
-7387 -5905
-9096 -7396
-267 -7822
-9444 -739
-2814 -295
-4051 -167
-5224 -2283
-5963 -5245
-431 -3623
-2823 -1448
-1089 -2735
-8622 -4098
-2816 -3625
-4607 -7903
-8011 -8271
-1848 -7573
-683 -5333
-5904 -1076
-7836 -953
-9501 -8906
78
-5175 -5957
-6374 -5991
-1427 -6004
-67 -2849
-9247 -8959
-4909 -8427
-6511 -3514
-2749 -3083
-7800 -1610
-9561 -2519
-2238 -618
-1470 -9606
-7183 -1527
-6359 -4383
-157 -5528
-7213 -2919
-7550 -6267
-336 -9369
-18 -1717
-5015 -9221
-6040 -9672
-1565 -6921
-5272 -5910
-2785 -5587
-5916 -1545
-975 -4400
-2887 -4699
-6908 -2153
-4334 -5262
-4425 -8238
-1126 -9814
-9903 -1245
-6273 -9317
-8528 -6266
-8378 -4517
-4760 -9499
-5884 -9091
-1689 -9778
-671 -5060
-5009 -4366
-8144 -4031
-9713 -983
-2091 -6738
-2899 -9051
-3513 -1375
-9217 -4138
-179 -1885
-6999 -4384
-8625 -6515
-5827 -1860
-5795 -5276
-6317 -2052
-5466 -1148
-6010 -7639
-3273 -3553
-2726 -9058
-1963 -7416
-9341 -1222
-6358 -6872
-7228 -2442
-9622 -4868
-7264 -3802
-7186 -246
-9848 -7899
-2049 -3033
-5426 -1855
-3316 -9917
-2571 -6501
-2652 -8983
-7866 -2271
-9023 -8169
-191 -5915
-6014 -8580
-3624 -193
-9604 -1167
-5715 -1570
-2703 -2108
-133 -3676
27
-9794 -4319
-1561 -7451
-8440 -9512
-3999 -9708
-6397 -4937
-4102 -6317
-8235 -9639
-1163 -6374
-723 -4705
-845 -7053
-4628 -3397
-3724 -7830
-8078 -7111
-4763 -5119
-2335 -5407
-6703 -6087
-8238 -6889
-6525 -7531
-6872 -4171
-5381 -3593
-2504 -2050
-9735 -8095
-9312 -6200
-8278 -487
-5015 -647
-8136 -6487
-5514 -102
91
-6538 -8631
-7246 -5691
-2486 -4029
-5666 -5131
-7227 -3615
-755 -9637
-4331 -9404
-66 -9533
-5259 -5985
-6966 -1698
-694 -6880
-1630 -7379
-3346 -4640
-8382 -3208
-2475 -601
-8022 -3559
-2472 -4308
-5100 -7118
-6249 -9115
-1705 -2997
-1350 -1435
-5489 -2826
-1388 -1475
-1683 -3241
-4679 -860
-3702 -5597
-9537 -3501
-7065 -1212
-1215 -2141
-451 -5379
-251 -3239
-1528 -1324
-2889 -5885
-6101 -2877
-6783 -8248
-2006 -9160
-9600 -3516
-1194 -268
-3642 -7800
-9412 -9231
-1576 -1408
-1978 -653
-7186 -1622
-4076 -2910
-6157 -1387
-5457 -2878
-1763 -5459
-4917 -6956
-5497 -6512
-6544 -2802
-3420 -9362
-8071 -589
-6456 -1891
-6947 -7896
-1657 -9429
-2651 -9530
-5070 -4523
-541 -9016
-8021 -7622
-2645 -1942
-7833 -8500
-5384 -795
-2731 -9066
-3659 -4163
-957 -5381
-7509 -3268
-6014 -7506
-7186 -3020
-670 -9348
-1771 -7509
-2230 -5364
-4355 -499
-7644 -8073
-1412 -8478
-9510 -5232
-4878 -6380
-7465 -5735
-7655 -305
-4725 -6824
-460 -5158
-1102 -4680
-1936 -4878
-3864 -7432
-5227 -420
-6765 -7864
-5707 -4816
-765 -6162
-5272 -9172
-2555 -5477
-2901 -4287
-9197 -6205
48
-9167 -9638
-6621 -296
-654 -1342
-514 -5139
-8816 -7054
-4974 -9446
-4582 -5825
-2137 -2647
-1790 -3393
-7071 -7229
-4986 -6560
-9552 -5616
-1762 -8268
-6695 -9974
-1509 -2569
-8061 -6159
-2763 -8198
-6146 -1336
-5964 -8880
-8228 -6503
-9362 -4863
-4762 -7767
-4893 -910
-3356 -1308
-4275 -2577
-4141 -1937
-4162 -6564
-8708 -7101
-5816 -6456
-3798 -7952
-2884 -6428
-7705 -2981
-363 -3653
-685 -2855
-7233 -121
-4020 -3678
-1996 -1040
-9012 -6322
-3380 -2336
-6587 -4839
-5625 -8968
-8808 -8621
-156 -8433
-440 -2414
-9310 -9756
-5473 -9108
-2781 -2091
-6638 -1199
86
-6231 -4748
-5802 -1387
-2518 -3705
-1598 -4585
-3753 -2985
-3880 -8373
-2330 -1975
-7858 -1688
-3839 -9606
-1501 -1108
-1044 -712
-7657 -7081
-2642 -9050
-2087 -8611
-5680 -7777
-2531 -3408
-167 -3417
-2592 -8303
-149 -1540
-6361 -9360
-6280 -5627
-5058 -1832
-8681 -7493
-8182 -7625
-5245 -4961
-193 -5699
-4005 -37
-1000 -3512
-2590 -8052
-9348 -4898
-7976 -8046
-7543 -4806
-6838 -9690
-8103 -7031
-7236 -5152
-806 -2454
-642 -7801
-2652 -2261
-739 -5684
-925 -4669
-1160 -5117
-3834 -5123
-2185 -4269
-2411 -9642
-6800 -1930
-4180 -1041
-1494 -8491
-8403 -4902
-4676 -473
-3310 -7846
-6987 -5315
-4745 -4104
-769 -4399
-9836 -1031
-7145 -2739
-241 -5439
-5524 -1647
-4928 -4131
-2582 -6191
-6777 -2039
-3564 -5675
-8786 -7553
-486 -4601
-9720 -1041
-9782 -6592
-2376 -3913
-6837 -41
-3435 -6602
-1088 -526
-8770 -8035
-607 -6713
-8489 -6156
-1388 -1601
-2332 -9134
-9157 -4548
-9765 -6776
-7488 -3475
-4889 -4281
-648 -3447
-9141 -1303
-5254 -9637
-1868 -8692
-451 -8360
-5186 -8968
-1037 -4381
-5993 -2972
26
-7910 -9977
-6028 -5894
-209 -4367
-3837 -6434
-6152 -4092
-4500 -11
-5855 -1590
-8355 -8223
-3025 -549
-307 -8852
-114 -9955
-4707 -5639
-3211 -1195
-971 -5453
-9125 -6421
-7870 -58
-3438 -5533
-5048 -5268
-5610 -5893
-1415 -9641
-4752 -309
-9023 -6752
-6702 -10000
-3197 -3253
-7386 -9746
-9121 -6549
48
-3979 -4607
-5886 -8130
-1171 -5855
-8246 -6778
-8649 -3355
-2301 -4776
-1883 -7028
-3553 -6015
-6847 -6148
-2656 -1824
-4590 -350
-9329 -1824
-692 -462
-5744 -2754
-9942 -3070
-350 -3028
-358 -4735
-9233 -7203
-6184 -8132
-7967 -4587
-539 -1952
-2660 -5239
-6842 -7524
-5275 -8178
-4118 -2259
-9548 -7563
-7144 -6993
-5865 -5961
-7239 -34
-6962 -4220
-369 -4768
-4899 -5792
-695 -7325
-813 -6967
-671 -3529
-1483 -4527
-2276 -6976
-5169 -1838
-833 -4384
-7071 -3263
-1154 -1308
-7846 -1191
-5251 -5834
-9592 -6436
-5934 -62
-8281 -1480
-3698 -2949
-4534 -6225
40
-2146 -7919
-5457 -8530
-9274 -4488
-5196 -2210
-6178 -2559
-7929 -1671
-5519 -9533
-2209 -8721
-7844 -7951
-6231 -4124
-8690 -285
-1633 -2596
-675 -1387
-4227 -7447
-8912 -4627
-4744 -3833
-1554 -4211
-3139 -4873
-2445 -4750
-3001 -381
-7432 -7236
-8834 -3555
-5765 -9058
-2562 -9292
-5311 -4703
-242 -2798
-3148 -1530
-4234 -476
-6970 -7244
-2596 -9415
-4768 -9019
-3836 -4008
-7064 -4579
-9042 -4495
-8150 -4776
-7008 -3154
-2780 -7468
-405 -1269
-2330 -1820
-8140 -8244
70
-6838 -8981
-6181 -9923
-1354 -6483
-2088 -439
-6162 -6586
-1712 -3558
-6921 -4273
-5013 -9188
-8910 -9182
-7887 -3551
-5176 -7263
-7609 -454
-7020 -7981
-4790 -9140
-9518 -6709
-9972 -6438
-9755 -1828
-9556 -9912
-2599 -3699
-1694 -8120
-8088 -5528
-729 -2429
-4080 -7945
-7631 -9826
-2666 -6358
-8267 -5538
-316 -8598
-960 -6379
-691 -4164
-9212 -9013
-6933 -2364
-9873 -8541
-3940 -9602
-3501 -8429
-5678 -2489
-3326 -4778
-2841 -5151
-721 -7280
-2582 -2864
-146 -984
-503 -1054
-8985 -991
-2013 -5279
-5701 -7805
-2766 -8294
-2265 -2407
-982 -8991
-7115 -8603
-6903 -5044
-4685 -9137
-8005 -8811
-3230 -4979
-5485 -7780
-6665 -7421
-2514 -7337
-5191 -2845
-8146 -4906
-4542 -4612
-6981 -5615
-627 -8115
-6791 -8672
-1635 -5000
-4442 -1556
-2936 -9222
-6130 -9115
-943 -1434
-8681 -3916
-9464 -2576
-8752 -3911
-8086 -6705
54
-3048 -7817
-6116 -817
-7822 -1947
-7984 -2470
-5471 -3524
-14 -5764
-908 -4109
-1646 -1421
-1633 -6591
-9057 -2762
-8226 -1250
-1314 -3200
-8970 -7137
-590 -450
-6026 -1363
-7292 -4582
-798 -3895
-2514 -8308
-9178 -8490
-9738 -6687
-6687 -3148
-9701 -2826
-4991 -5344
-2198 -3056
-3456 -2836
-8922 -2354
-4633 -7678
-110 -2192
-5952 -8012
-3613 -1065
-9332 -8375
-5951 -6573
-8109 -1953
-1165 -2053
-667 -3807
-3497 -6892
-1435 -4106
-3515 -1869
-4329 -9244
-9694 -8132
-8989 -7438
-6699 -5566
-5589 -8440
-451 -6579
-4597 -6995
-7663 -9652
-1991 -1876
-1304 -5786
-5598 -6928
-468 -3656
-1223 -9466
-4535 -2055
-9257 -5921
-5217 -3548
82
-5053 -8129
-6903 -4299
-4801 -5323
-7797 -2061
-5246 -7225
-3216 -4767
-974 -6309
-3692 -5870
-7490 -4708
-7068 -360
-9413 -9665
-1363 -4368
-5613 -7819
-3435 -9662
-2019 -6628
-3513 -2952
-5403 -3936
-309 -6729
-403 -9380
-2230 -7620
-7532 -5748
-6255 -937
-7405 -8518
-487 -4127
-6409 -7192
-55 -7745
-3614 -4201
-9415 -4428
-6613 -6562
-5307 -9516
-1424 -5977
-3935 -9511
-1691 -7892
-6102 -4739
-3705 -4705
-1688 -4804
-4103 -4727
-8071 -9089
-4358 -172
-4935 -2304
-2267 -2023
-7716 -2777
-3263 -7787
-388 -7756
-4644 -9677
-6509 -6675
-9170 -1949
-21 -8791
-6151 -635
-6635 -7975
-2545 -5160
-8097 -1802
-8034 -5600
-9464 -584
-947 -9031
-739 -633
-9424 -4162
-4893 -4127
-4418 -1461
-5390 -4262
-1852 -1383
-5271 -4296
-9337 -2898
-8382 -2443
-1862 -1304
-7447 -9945
-6798 -6645
-9134 -3611
-8912 -4561
-6412 -8532
-9972 -6495
-9567 -1364
-1389 -565
-8637 -6688
-1628 -8981
-9950 -7914
-3475 -6188
-1293 -6393
-2064 -2882
-6595 -8908
-1664 -1078
-3885 -6640
95
-2055 -985
-7594 -9368
-7170 -6426
-9945 -4447
-5838 -9972
-7655 -7084
-6706 -7257
-7119 -2835
-5015 -344
-8417 -9471
-8570 -2690
-7792 -4903
-5772 -6161
-3823 -857
-7827 -9179
-8385 -2302
-2823 -6794
-8709 -1861
-4390 -9973
-9540 -4084
-5922 -1444
-313 -619
-7969 -1656
-8617 -96
-8308 -2770
-7101 -3994
-9028 -3349
-2329 -861
-8579 -5341
-1248 -5607
-4379 -91
-6790 -3360
-5151 -20
-9181 -8660
-8985 -7487
-6737 -9195
-1467 -6467
-3542 -7635
-3947 -3709
-576 -2987
-7801 -4222
-7243 -7810
-5691 -9487
-415 -6752
-6364 -5782
-9729 -2370
-2180 -6826
-7553 -5752
-76 -6950
-7606 -2535
-9018 -2269
-7459 -6641
-1144 -9320
-2700 -1708
-7726 -3565
-1209 -7628
-9680 -85
-2508 -3202
-7555 -2918
-2908 -4734
-1354 -1638
-1695 -976
-5063 -7387
-372 -6038
-12 -5696
-7748 -2581
-3560 -8234
-2178 -7935
-6501 -6511
-2943 -5332
-8336 -3777
-4981 -6651
-1448 -3144
-9604 -6109
-6931 -9395
-2451 -2753
-9548 -7207
-1070 -7270
-976 -7486
-1157 -4092
-1950 -5484
-7351 -2691
-4559 -3065
-957 -5367
-9339 -1795
-7085 -5043
-3357 -7265
-8063 -6645
-7750 -1874
-8668 -2464
-8073 -3963
-6278 -3039
-7539 -9616
-7253 -5447
-4532 -2102
46
-6930 -7973
-9903 -6117
-593 -3674
-9775 -7961
-2282 -3873
-4948 -1070
-3266 -5233
-8954 -1720
-2273 -9272
-8125 -6746
-7340 -7295
-8398 -2707
-2244 -5602
-6015 -737
-8925 -7164
-5835 -157
-1900 -3513
-1639 -1536
-2682 -6523
-2507 -3889
-1594 -8440
-3680 -6172
-4645 -2436
-5491 -8681
-9583 -3410
-7455 -2311
-5629 -8219
-4440 -6141
-2651 -779
-8576 -4657
-2460 -4561
-2584 -747
-5141 -6773
-4608 -4567
-8300 -3959
-5046 -4956
-8246 -1520
-9889 -809
-3611 -3725
-7797 -5003
-5317 -9230
-7086 -4252
-9107 -7607
-3425 -500
-656 -9090
-9004 -7192
40
-2717 -4846
-8312 -3720
-7332 -3142
-5206 -7921
-5724 -5915
-6991 -1401
-4782 -3080
-1770 -4817
-2848 -4937
-7941 -1212
-9398 -7713
-1428 -6343
-8026 -6151
-8694 -2916
-6283 -615
-3967 -1599
-5508 -1520
-2127 -1692
-4836 -5114
-2172 -1882
-5971 -3734
-7962 -807
-2197 -4674
-9122 -7433
-5887 -9178
-6926 -1824
-1021 -5905
-48 -6685
-2761 -3211
-4104 -9131
-6225 -2878
-6683 -1342
-4167 -4366
-3900 -1042
-9586 -703
-1136 -6335
-7502 -5749
-8892 -9516
-573 -3108
-7869 -6440
19
-3622 -8626
-6464 -3110
-2189 -8227
-4926 -6482
-5429 -7206
-2881 -3476
-6358 -323
-1043 -4804
-2207 -1681
-5250 -4402
-8611 -4949
-5660 -9971
-6606 -8734
-5249 -5743
-5898 -2636
-6426 -6209
-1921 -1243
-6400 -6991
-6768 -4064
59
-3410 -6302
-316 -3775
-1680 -9926
-3280 -5744
-2689 -9360
-1967 -2279
-8712 -830
-8759 -4065
-222 -8211
-7154 -2263
-8385 -9281
-3902 -4257
-2411 -7232
-7335 -1143
-525 -1831
-109 -9152
-9136 -5665
-5618 -2278
-857 -7940
-651 -2815
-6320 -8556
-1604 -3793
-8822 -6227
-3251 -717
-2172 -9046
-6546 -6324
-6142 -2781
-5073 -4425
-4399 -1740
-7704 -4326
-9458 -8921
-2424 -3511
-2914 -4966
-9108 -6025
-1996 -7938
-8865 -9471
-4891 -3375
-1897 -5885
-1521 -4179
-5582 -8121
-3508 -3347
-4884 -8062
-4156 -2963
-957 -6844
-3639 -402
-6366 -4369
-8326 -4951
-9380 -4663
-1590 -1273
-3131 -6175
-9661 -8445
-5559 -1074
-7899 -8775
-4292 -667
-3319 -7423
-3488 -7232
-8095 -1160
-1285 -1769
-4983 -8461
88
-8666 -9070
-8054 -2163
-9559 -8127
-6385 -5355
-3119 -8343
-2487 -4385
-6087 -992
-759 -5053
-8355 -6692
-6253 -6901
-5053 -5344
-3961 -6111
-5224 -3907
-6658 -1848
-6182 -1208
-1319 -302
-6134 -2885
-5300 -951
-3735 -8674
-8946 -3186
-1880 -586
-6534 -4963
-1937 -6770
-2718 -3024
-2375 -8640
-2644 -4056
-5701 -1960
-8931 -563
-6311 -2768
-1484 -6129
-3954 -958
-4153 -8619
-7862 -3556
-8583 -6436
-5760 -1748
-3028 -5892
-274 -9055
-2306 -3162
-5646 -4613
-4086 -5472
-9236 -1228
-3486 -1457
-1913 -2385
-6467 -8301
-6353 -7318
-2187 -1821
-8999 -7645
-7983 -3742
-993 -7523
-5598 -9994
-7475 -9768
-3797 -3684
-7857 -3420
-1268 -6047
-4182 -8229
-9542 -7908
-9857 -8027
-8166 -8959
-1464 -4562
-2728 -955
-3796 -5082
-524 -5706
-53 -7437
-4744 -8652
-8161 -4207
-6718 -5408
-6512 -8416
-6405 -2350
-3064 -5009
-6661 -1155
-3202 -8194
-8227 -4735
-1633 -8905
-2319 -3737
-5596 -3486
-3402 -7795
-5097 -6535
-4495 -5908
-4490 -6820
-9898 -238
-2713 -8583
-4574 -4101
-734 -7280
-982 -6594
-3278 -791
-6320 -5917
-8419 -9761
-3299 -270
36
-536 -5211
-9015 -5697
-7172 -5741
-7324 -4618
-2354 -7735
-3488 -1420
-7974 -5963
-301 -9469
-9170 -5135
-9941 -885
-6234 -3279
-6532 -793
-9741 -2237
-801 -7868
-3889 -8
-2566 -8608
-917 -8077
-8099 -1877
-8890 -937
-6137 -5383
-3915 -8203
-2473 -2176
-1512 -8255
-4684 -1703
-725 -6266
-5989 -7731
-1530 -867
-5430 -4763
-6377 -1502
-7789 -9756
-8547 -8020
-9121 -7524
-8605 -9948
-8760 -2665
-979 -8820
-1853 -8799
74
-4221 -4975
-1112 -8587
-4219 -3485
-3345 -1070
-6170 -9016
-5027 -4892
-4294 -7099
-3492 -3075
-9426 -1312
-3840 -1882
-4749 -5163
-5267 -1450
-1493 -8871
-8961 -6027
-1239 -7924
-9057 -6284
-7374 -9876
-1238 -503
-580 -9164
-8420 -654
-5946 -1984
-5612 -2815
-35 -1798
-719 -4003
-6716 -1283
-1045 -2420
-6104 -5468
-7526 -1479
-8327 -270
-2201 -7295
-5278 -4348
-3550 -4287
-7168 -2210
-2373 -4236
-7208 -4586
-7342 -579
-4725 -3806
-6104 -1577
-1844 -9423
-9142 -1530
-8977 -3034
-6296 -8934
-2654 -2218
-7806 -2641
-6141 -1658
-398 -2100
-5771 -8888
-6057 -2561
-6798 -5274
-4104 -5088
-3848 -4994
-9591 -7603
-9814 -2579
-9176 -3676
-4101 -8256
-1605 -4152
-8789 -9485
-4532 -1826
-8882 -4000
-9864 -7703
-7845 -3413
-9487 -4852
-8423 -5308
-1927 -2331
-7427 -4454
-3497 -2570
-2211 -1806
-4228 -3399
-5761 -3043
-5813 -7472
-2234 -2768
-6041 -9696
-7564 -2370
-3898 -6817
93
-6406 -3705
-7419 -5256
-2043 -8003
-8688 -2707
-2846 -786
-3163 -8528
-9211 -3355
-4743 -5849
-3848 -8459
-2213 -9971
-5488 -1599
-2072 -350
-1326 -7031
-4580 -8220
-7951 -9267
-5203 -9740
-9517 -5410
-5939 -8745
-4233 -3243
-4726 -1789
-6288 -7735
-4772 -7566
-563 -3759
-6077 -1459
-6030 -2319
-1913 -3815
-9105 -565
-8111 -133
-2782 -5890
-2221 -6359
-3379 -1390
-197 -6616
-8842 -9951
-3920 -8959
-6964 -994
-9608 -3473
-3613 -944
-5253 -2531
-1803 -1652
-1173 -689
-1313 -9835
-8062 -6536
-7944 -5479
-4801 -2804
-8531 -2546
-1837 -503
-9495 -895
-3781 -3460
-5031 -680
-2437 -6150
-9178 -6768
-182 -4311
-5150 -591
-3615 -5824
-8885 -3902
-9050 -3080
-6079 -7357
-3734 -6083
-7049 -1712
-9897 -1007
-8220 -2251
-5189 -5449
-8123 -7739
-5110 -3437
-186 -1420
-8944 -9516
-5508 -2080
-8626 -7749
-2541 -7340
-5858 -4400
-924 -9185
-6938 -1939
-7367 -2950
-1762 -1369
-3763 -8832
-9551 -6228
-7732 -4906
-3259 -2448
-5910 -7412
-7760 -4002
-9232 -4615
-7164 -8231
-6490 -5422
-8272 -9475
-1185 -6466
-887 -709
-4397 -8682
-9443 -6633
-6915 -4346
-1514 -2436
-7865 -3912
-3626 -8017
-7676 -2441
4
-7542 -203
-7328 -9874
-6852 -3037
-3619 -2825
21
-3336 -6144
-2960 -1583
-7243 -1209
-8285 -9800
-5228 -9055
-2289 -7418
-1517 -9610
-5815 -1801
-2075 -9021
-3354 -4857
-9904 -6606
-8531 -7511
-6129 -1994
-1485 -5360
-3487 -469
-4723 -6968
-5133 -9192
-4887 -3702
-1383 -2692
-1690 -361
-5017 -2309
25
-6270 -8759
-5586 -5184
-213 -3130
-6920 -6556
-7642 -5976
-8789 -3180
-1085 -2743
-4228 -1508
-3265 -9798
-4966 -275
-326 -2956
-6692 -5479
-6098 -480
-3579 -9060
-5378 -2040
-2509 -6628
-5642 -3424
-7306 -8076
-964 -8128
-9731 -6316
-5156 -5876
-8546 -1207
-7216 -6770
-2671 -1447
-4639 -9425
47
-9502 -4725
-8930 -8097
-1418 -3268
-9280 -8317
-1717 -9102
-3127 -3847
-6497 -7133
-2066 -3195
-2116 -5894
-4925 -9030
-3439 -6886
-5167 -219
-7252 -5245
-7147 -4862
-3231 -578
-6280 -1916
-2559 -9536
-6585 -9369
-634 -9403
-2222 -3715
-9679 -5509
-9224 -76
-1841 -5177
-425 -5018
-8955 -6047
-8023 -1139
-135 -1604
-6468 -192
-8698 -2301
-5175 -9405
-5424 -1599
-7409 -1677
-689 -5558
-6578 -5008
-6675 -8949
-9290 -9291
-4962 -9552
-5299 -6273
-7916 -1443
-4232 -2560
-1323 -6132
-9655 -1806
-7370 -1537
-9276 -1128
-9050 -1122
-7473 -8663
-7542 -6715
29
-906 -2735
-6894 -7138
-7499 -6446
-5624 -2061
-4364 -8588
-2877 -3116
-8365 -8368
-7893 -3590
-6144 -9304
-4124 -7140
-1221 -3358
-422 -7491
-9643 -9349
-5937 -2622
-1034 -4802
-4313 -253
-5609 -8905
-3453 -1380
-4562 -5110
-2450 -9970
-9451 -4030
-6403 -8354
-1755 -6804
-119 -6242
-4287 -4424
-6946 -6391
-1080 -6651
-4665 -1496
-438 -8945
52
-2868 -2562
-2350 -3556
-1056 -6349
-2681 -4134
-2048 -6405
-811 -7667
-8771 -2344
-1785 -5306
-2524 -3090
-3961 -1763
-2218 -9975
-2967 -9173
-3515 -1792
-3375 -5011
-258 -7032
-8814 -9441
-3519 -5436
-7268 -6359
-7934 -2576
-1953 -5275
-7659 -8518
-5224 -1230
-1755 -9035
-8161 -5916
-8850 -442
-5781 -3811
-4435 -3860
-8408 -4780
-8673 -7019
-7464 -260
-3121 -2506
-4282 -6624
-988 -3107
-7175 -5759
-8709 -2585
-9882 -5019
-2416 -5465
-7850 -3526
-952 -4506
-8890 -2759
-6929 -3158
-6693 -3023
-5845 -2971
-9914 -3613
-170 -6939
-6730 -8838
-7163 -7198
-3283 -6192
-228 -241
-8559 -6554
-3347 -9059
-6741 -5029
92
-5202 -6940
-7006 -9428
-2225 -2795
-569 -8633
-5159 -1588
-7832 -3134
-1349 -3829
-1870 -5828
-5631 -4780
-8166 -9771
-1487 -767
-7383 -1757
-5673 -2099
-991 -2473
-8284 -1282
-4837 -8160
-9766 -1469
-373 -1002
-378 -8450
-6209 -6323
-5463 -3893
-72 -8310
-9831 -2588
-7934 -7314
-3711 -91
-957 -4641
-4631 -8657
-1499 -8479
-2132 -2447
-2178 -7835
-8118 -5842
-1036 -3763
-2748 -8404
-6869 -1858
-4297 -5560
-1256 -5550
-1221 -7425
-1006 -8481
-4174 -5037
-5445 -3198
-1630 -1260
-3556 -2783
-8721 -7127
-6523 -1852
-2061 -988
-4947 -38
-7092 -7060
-4815 -3092
-3894 -4105
-6367 -4949
-3127 -8285
-5811 -784
-7740 -6709
-5411 -910
-5624 -5645
-7102 -7920
-779 -7997
-7071 -7171
-8929 -3620
-5573 -9831
-6095 -4285
-7643 -7266
-8019 -1194
-4459 -4283
-2608 -1652
-3570 -2907
-4795 -4695
-8182 -433
-6068 -9496
-4693 -4929
-3101 -9797
-6824 -2683
-9384 -4642
-3680 -9154
-8540 -6633
-8693 -726
-247 -699
-6085 -7815
-3944 -4212
-4613 -2373
-5571 -607
-3852 -4702
-5769 -8603
-2193 -8754
-7453 -6510
-3776 -2140
-5915 -2379
-3971 -5125
-4885 -9890
-7505 -5656
-8874 -3599
-6678 -8107
12
-7926 -7848
-4287 -1189
-4335 -9643
-9427 -1127
-7435 -4237
-4935 -1615
-4474 -9086
-5227 -1565
-4491 -1380
-5640 -6940
-4560 -4293
-530 -4435
29
-9439 -197
-9137 -6152
-6877 -1753
-406 -4782
-8755 -8637
-1126 -7169
-7957 -3857
-3479 -6479
-5159 -3937
-1307 -5
-5910 -615
-7107 -5625
-6279 -5002
-7159 -1697
-2365 -6825
-3480 -3487
-9386 -4225
-8932 -9499
-1241 -6239
-838 -2834
-2086 -7302
-8706 -7626
-2124 -6773
-3049 -6707
-7618 -1065
-7182 -8705
-6738 -8935
-1242 -200
-7231 -5175
39
-4450 -3414
-5565 -8371
-5441 -8216
-9970 -140
-3936 -9916
-8220 -675
-9346 -9233
-8671 -4186
-9612 -6221
-1067 -4449
-9929 -6865
-7334 -3566
-1476 -9775
-2466 -4804
-2518 -9700
-9957 -4758
-3510 -1786
-2583 -5091
-2616 -5151
-5480 -3395
-5034 -352
-4766 -7559
-3470 -5196
-3658 -7218
-9333 -1148
-5556 -7400
-7668 -8603
-738 -7382
-1440 -9505
-606 -7158
-2564 -432
-6101 -3314
-5749 -9406
-7431 -825
-1380 -8422
-536 -9709
-4129 -9886
-9070 -793
-6077 -2581
76
-9679 -3331
-9936 -3240
-9522 -1235
-5407 -6344
-9961 -8882
-9685 -5797
-1442 -8959
-2960 -9341
-995 -3714
-1609 -1758
-3300 -4878
-7470 -8528
-7388 -2286
-9033 -2039
-6413 -3986
-7949 -774
-2703 -3137
-1954 -8496
-4157 -7260
-1893 -6657
-63 -1608
-8420 -8976
-2170 -2034
-6631 -6253
-2186 -7500
-6179 -2338
-5674 -1904
-4974 -5771
-4170 -8226
-4057 -2084
-9430 -5442
-9102 -9382
-4679 -7700
-7732 -5202
-1600 -981
-9127 -4215
-7510 -9773
-8812 -4355
-7681 -9890
-9451 -5115
-2163 -8743
-8994 -6458
-5600 -3122
-4615 -7643
-5137 -307
-4150 -6980
-9659 -7227
-9472 -8489
-346 -9516
-3524 -9478
-8800 -4504
-2948 -1523
-3646 -5120
-4846 -6956
-10 -8394
-9982 -9783
-8589 -6515
-2040 -271
-3899 -7467
-1242 -2365
-133 -2970
-8543 -8337
-1812 -3642
-369 -8016
-6008 -2901
-7137 -2259
-9494 -5568
-2235 -2114
-901 -4372
-184 -3540
-6781 -922
-1358 -414
-3586 -798
-1088 -8370
-8849 -2560
-4099 -5562
24
-1323 -1451
-1381 -1403
-5714 -7038
-2083 -2695
-7116 -975
-5090 -5681
-6568 -5316
-7891 -6796
-8162 -1725
-3283 -4219
-9353 -5214
-4994 -8559
-5554 -6999
-7580 -1607
-1199 -8136
-2402 -3971
-3114 -6715
-5039 -3248
-5306 -5424
-3464 -7341
-1069 -4432
-9974 -1341
-1480 -1720
-5127 -7515
22
-3437 -8277
-3666 -3080
-2801 -2373
-9071 -7274
-9308 -6238
-9303 -1490
-4367 -1880
-3287 -1387
-3761 -104
-4582 -9519
-5733 -4329
-7041 -6614
-9025 -8328
-977 -5634
-3303 -2467
-7845 -1649
-2149 -2316
-5899 -7157
-1514 -9842
-7371 -6376
-5249 -425
-8198 -7907
41
-4637 -5565
-1734 -878
-6244 -2965
-9940 -8554
-3590 -1902
-6829 -971
-7657 -9447
-2262 -3241
-7904 -7518
-4586 -519
-3308 -7653
-3961 -5264
-6435 -8042
-6196 -7419
-8612 -8217
-4498 -3818
-9239 -2324
-6106 -5481
-4629 -9873
-5177 -3414
-2967 -3650
-5299 -6594
-4780 -6457
-1477 -9220
-7500 -9275
-508 -2892
-6734 -7334
-1246 -5079
-920 -3537
-8559 -8389
-1310 -630
-2652 -8359
-3540 -398
-3682 -5641
-6413 -4425
-1823 -2853
-9261 -6682
-925 -6591
-8692 -1573
-3146 -5515
-993 -9382
88
-1228 -9036
-2066 -6155
-4903 -812
-1515 -9604
-6233 -7834
-5412 -6609
-2832 -6259
-8228 -2040
-1301 -8024
-1181 -3674
-9463 -9853
-9123 -8084
-7388 -5144
-910 -7010
-9443 -9608
-1514 -8541
-5823 -8483
-4229 -2352
-1815 -4417
-5835 -771
-4033 -2294
-1896 -3403
-7751 -5327
-6595 -8170
-1468 -1845
-9528 -3367
-8773 -1231
-2585 -9633
-9511 -3651
-4995 -9070
-1101 -199
-479 -7998
-7128 -499
-8326 -9549
-8536 -8726
-1568 -3893
-3485 -8990
-3562 -4307
-1667 -598
-7297 -1835
-9756 -1772
-5712 -5311
-8791 -1984
-9563 -6183
-8754 -5672
-7790 -6737
-10000 -6192
-6151 -9507
-5269 -2303
-9704 -8814
-7041 -1768
-5087 -4711
-3756 -1789
-7787 -3230
-4873 -9220
-6296 -130
-8601 -7578
-4966 -1710
-9409 -6020
-392 -4559
-9969 -5651
-3418 -4759
-9570 -8174
-9856 -3308
-8989 -2120
-1111 -6521
-5637 -1206
-3050 -5351
-8844 -170
-1525 -8468
-8878 -7719
-4951 -138
-9444 -6817
-8765 -8960
-6191 -3218
-7922 -4554
-2448 -2343
-9410 -8989
-8974 -4897
-6714 -6813
-3540 -5023
-6047 -9974
-3105 -6335
-5433 -7773
-6815 -9871
-4312 -5519
-3812 -313
-7725 -8110
9
-7120 -4089
-9790 -7853
-7353 -7204
-1650 -1337
-7728 -242
-3171 -1326
-6185 -5053
-9092 -5898
-260 -9266
16
-7549 -5443
-9273 -496
-3644 -5183
-2454 -1320
-4097 -6511
-4378 -118
-4653 -7446
-2623 -8551
-2040 -7331
-215 -2840
-162 -431
-4778 -7332
-4002 -1490
-8005 -1826
-8194 -1699
-1796 -3805
83
-8733 -6798
-8943 -9941
-6203 -6558
-2207 -7783
-3170 -1580
-8424 -7440
-5623 -8255
-2026 -7862
-2946 -4469
-8864 -5174
-6307 -7609
-7220 -642
-8526 -4671
-6988 -5109
-7580 -5108
-7367 -4239
-3319 -3078
-7827 -2694
-9980 -6528
-4624 -1420
-5796 -9123
-5409 -6013
-223 -5206
-5146 -1463
-9795 -7748
-3383 -3184
-2782 -7472
-5172 -6092
-8113 -9834
-3602 -1598
-5110 -4629
-8159 -5427
-1437 -3961
-7763 -741
-8400 -2018
-9825 -8103
-3882 -7391
-6035 -6783
-5267 -2606
-2163 -1807
-7218 -2057
-335 -540
-3796 -7389
-2373 -3890
-1311 -714
-7977 -4975
-8627 -286
-2029 -3499
-9796 -1762
-7780 -7036
-918 -9321
-3735 -4613
-6825 -2871
-4876 -1906
-9841 -6905
-6233 -4986
-317 -8317
-4593 -8653
-7531 -773
-7941 -4567
-1791 -1161
-511 -4681
-9699 -1435
-4802 -400
-1060 -3530
-8652 -5667
-1353 -4489
-8774 -3146
-5403 -30
-2902 -4708
-7831 -7228
-2603 -189
-5380 -7769
-3606 -8048
-1353 -7916
-7696 -7484
-633 -5533
-6615 -6190
-2664 -9814
-7216 -9049
-8439 -8465
-8549 -4041
-8662 -6088
75
-5427 -8476
-2431 -5976
-8906 -8019
-1810 -3782
-9298 -9733
-9465 -816
-674 -1165
-6909 -1751
-6042 -5983
-3063 -4140
-909 -4320
-1836 -2521
-6213 -7177
-5558 -3046
-5203 -6879
-5007 -9413
-4354 -5269
-4193 -7394
-6265 -1315
-9473 -8335
-2422 -5794
-2628 -5944
-2735 -7997
-4675 -8594
-1749 -8371
-2241 -9205
-906 -1938
-2159 -9572
-6008 -5323
-6819 -5230
-7662 -505
-6994 -4497
-9843 -9557
-6860 -1432
-9922 -1335
-6683 -3879
-6970 -9451
-9965 -6678
-7505 -2456
-2835 -6970
-3502 -1741
-3784 -4024
-9918 -5082
-6127 -5205
-2225 -2388
-4571 -457
-7449 -6648
-3575 -5402
-7768 -7543
-7206 -4486
-2011 -6353
-8786 -9607
-8256 -6383
-4497 -7648
-4057 -783
-4782 -6475
-1670 -2556
-5231 -6660
-5212 -8774
-6620 -3681
-800 -3576
-8546 -9028
-2270 -2883
-7563 -9813
-9062 -3361
-6372 -1687
-4885 -4066
-2877 -5995
-6971 -7148
-98 -5854
-4639 -3264
-8667 -3462
-9973 -4498
-2589 -1791
-5675 -8647
8
-2874 -4533
-7488 -4850
-6494 -2043
-2565 -8618
-6154 -6068
-6878 -967
-5396 -9208
-8333 -2523
32
-2610 -8537
-7942 -6638
-5003 -680
-9331 -7282
-5244 -3821
-9587 -1880
-2074 -5666
-3844 -6126
-6956 -2106
-7429 -2430
-2089 -8805
-3737 -595
-5551 -5467
-749 -2155
-7696 -6272
-5831 -1902
-312 -5344
-4779 -2298
-5781 -808
-3340 -7345
-118 -2279
-6126 -9776
-4831 -6661
-6480 -8227
-2290 -860
-2654 -8720
-994 -8492
-100 -2910
-9663 -3524
-5061 -8301
-8523 -563
-9708 -562
14
-6804 -5159
-9401 -8525
-4339 -9824
-8968 -5452
-7742 -1380
-7460 -9386
-5736 -7969
-4763 -9666
-3284 -249
-5590 -3706
-3333 -5110
-1283 -1378
-8211 -6911
-9603 -6977
41
-4395 -316
-9808 -7291
-263 -8468
-3723 -6387
-6397 -5939
-8238 -501
-5643 -6387
-3578 -2582
-4633 -6928
-8109 -9790
-4377 -1798
-8213 -1632
-6916 -3473
-3765 -9727
-7709 -6302
-7184 -462
-9245 -8301
-9504 -8343
-3658 -7411
-4767 -3128
-6637 -4999
-6299 -4100
-4143 -6715
-3932 -7654
-628 -2984
-8686 -1517
-4887 -4290
-5211 -904
-5131 -6420
-3172 -6810
-9270 -7497
-5931 -6597
-592 -5455
-1952 -9611
-9280 -1802
-9013 -5311
-5952 -9271
-2803 -3118
-9249 -7639
-9237 -1110
-3973 -4657
64
-6952 -3523
-5174 -5617
-5523 -7104
-4560 -4987
-9546 -8446
-5667 -3676
-8904 -37
-3737 -9533
-6139 -7498
-5217 -5234
-1960 -9147
-1346 -6283
-6169 -8560
-3022 -9530
-1423 -18
-3559 -8345
-6047 -2395
-5432 -2111
-8973 -6508
-2682 -6191
-2975 -2857
-1321 -8763
-4011 -2790
-3603 -7260
-7663 -1077
-1713 -294
-6107 -5149
-3493 -2362
-6272 -3552
-257 -9849
-3672 -5489
-405 -2706
-97 -8751
-8561 -8629
-9860 -5048
-4107 -4679
-2477 -4487
-602 -2010
-8002 -3788
-382 -4473
-2532 -6662
-797 -5809
-1291 -4423
-2355 -6842
-539 -127
-9866 -2820
-4571 -7980
-7307 -1962
-4532 -7467
-6251 -2717
-2298 -2741
-2757 -6992
-4057 -1381
-8453 -2850
-4802 -7098
-9433 -5116
-9623 -810
-4207 -4371
-5073 -3631
-7984 -4834
-2770 -6934
-1936 -8230
-2303 -9238
-8000 -345
86
-8499 -5379
-1730 -4874
-415 -5166
-1825 -3392
-8446 -1677
-9174 -7664
-6689 -614
-2660 -5971
-8252 -7498
-2101 -8884
-9623 -2492
-8594 -127
-1960 -2683
-3347 -5950
-7660 -1172
-8916 -5684
-454 -1096
-851 -770
-2792 -7808
-4608 -6194
-912 -3961
-5397 -9456
-9604 -8509
-7651 -3109
-1337 -4633
-8632 -601
-5702 -8463
-2657 -8486
-2144 -422
-3192 -9793
-1343 -9393
-3206 -4505
-1020 -1275
-1229 -9673
-7560 -1651
-2780 -4667
-8573 -4855
-7951 -3431
-1706 -5162
-7131 -4034
-9320 -5360
-4970 -1410
-6459 -9742
-4430 -5168
-2948 -7342
-5940 -5331
-7126 -9357
-3675 -7071
-6157 -7150
-4204 -4545
-7822 -9978
-8230 -3029
-2513 -8020
-6462 -8164
-9011 -2488
-6492 -1758
-8952 -7560
-6342 -6587
-6644 -1759
-2149 -2056
-2688 -1346
-1131 -2629
-5533 -6905
-8903 -6497
-1648 -4782
-6428 -7265
-4536 -4238
-9176 -4912
-7265 -4147
-9019 -529
-4845 -6629
-9671 -2343
-5481 -7362
-6577 -8467
-8471 -8583
-6837 -972
-4985 -6154
-3184 -982
-9564 -2287
-9822 -2316
-753 -8269
-9593 -5348
-1107 -5445
-3135 -1736
-3421 -7353
-1818 -6250
10
-7807 -7231
-5910 -7888
-7596 -676
-3449 -486
-9148 -9898
-8704 -762
-8063 -4986
-2810 -6067
-77 -8346
-6500 -2755
84
-5285 -597
-6858 -5350
-6029 -3010
-8951 -1867
-3831 -2005
-5343 -4657
-3643 -7440
-8456 -3978
-3041 -3202
-7041 -1020
-792 -7477
-9413 -4191
-9976 -9288
-5838 -7280
-2873 -9401
-7680 -4127
-3698 -8121
-2882 -1733
-6076 -7362
-2314 -213
-4192 -1079
-4571 -7926
-4455 -7147
-8254 -1916
-3959 -5359
-6617 -4787
-5373 -4454
-4395 -218
-9318 -306
-1387 -2693
-1623 -2560
-4256 -9176
-5816 -8684
-1725 -3698
-8382 -3339
-9157 -6313
-9021 -5593
-8022 -919
-6260 -9686
-680 -3973
-7416 -6303
-5699 -1080
-5355 -6187
-2081 -7251
-4603 -6270
-8867 -1541
-4993 -643
-4893 -1798
-3553 -8103
-9476 -5958
-400 -7730
-43 -6077
-3973 -5523
-6215 -3487
-9277 -3545
-8675 -7534
-1615 -9052
-7344 -3598
-2526 -7923
-2610 -3252
-1204 -2619
-4920 -9855
-6918 -9516
-4502 -7966
-2584 -4002
-8698 -2924
-9379 -3874
-2901 -4925
-4948 -6718
-623 -894
-7970 -2781
-6102 -8965
-2342 -4532
-9177 -2764
-2379 -5645
-9691 -4839
-2973 -8705
-6728 -8886
-7938 -9003
-2449 -6368
-3347 -9018
-6322 -5416
-9309 -4375
-8159 -9839
38
-3607 -7975
-6041 -5798
-8392 -3300
-1227 -1618
-8111 -2202
-6175 -2406
-8098 -8428
-6734 -6470
-3254 -8356
-5230 -9466
-9538 -9
-9643 -8840
-5504 -3685
-9138 -7474
-181 -9269
-260 -594
-7363 -7635
-7370 -5278
-4998 -3390
-1975 -8471
-2273 -4825
-8141 -3657
-4276 -4319
-2362 -7809
-2835 -3693
-1701 -9222
-1474 -6639
-6263 -2200
-2944 -7896
-9377 -8930
-9508 -7549
-7139 -2136
-1279 -6469
-5276 -8273
-3974 -1604
-3783 -9507
-5423 -3163
-4571 -2039
81
-9294 -2123
-9660 -5307
-2038 -5357
-4111 -5597
-9394 -5238
-5365 -8889
-2429 -3438
-9050 -9681
-9705 -5149
-6898 -6427
-589 -617
-3061 -5968
-4979 -3635
-1337 -7750
-3600 -312
-7573 -9149
-361 -9086
-9234 -1039
-9444 -3556
-4991 -6390
-3837 -721
-1349 -8950
-3657 -6531
-5904 -3830
-9471 -5452
-688 -590
-9553 -2012
-2300 -5640
-2421 -7131
-112 -8683
-4064 -7307
-1505 -2873
-8936 -2167
-149 -5458
-6942 -7363
-7129 -9651
-6299 -5777
-1944 -4615
-8401 -4169
-7131 -5546
-5436 -5586
-3509 -8914
-3272 -8848
-6523 -6331
-7996 -1736
-1244 -6536
-7488 -8611
-3887 -5550
-1726 -8326
-8572 -1565
-127 -2578
-2114 -7405
-1715 -129
-223 -9257
-2972 -7922
-282 -7733
-6308 -6938
-7845 -9249
-5164 -6104
-4341 -365
-8806 -5761
-7177 -3150
-7881 -5504
-3366 -163
-5644 -3978
-8096 -8546
-4128 -9325
-9178 -3499
-9355 -1628
-782 -1788
-5040 -4163
-3785 -1588
-3773 -7836
-8674 -5655
-1746 -6309
-4432 -2485
-4221 -8436
-2963 -8650
-4630 -1161
-8611 -4829
-700 -7895
92
-3913 -6456
-9324 -3741
-8643 -6431
-9625 -4457
-5391 -5057
-6611 -5369
-6761 -4818
-1414 -4901
-1011 -7159
-1642 -9547
-2302 -4598
-1433 -4944
-4859 -9765
-7921 -5411
-5050 -9142
-2394 -4353
-4495 -1288
-5555 -6880
-1326 -3753
-5202 -5660
-4447 -5180
-2571 -2716
-3275 -9729
-9981 -4305
-529 -1171
-7095 -193
-6162 -5961
-5871 -7287
-1928 -6496
-7457 -1492
-4457 -3111
-7204 -9403
-3268 -5492
-6973 -2563
-8519 -5871
-2704 -870
-2094 -5422
-7687 -9148
-5507 -5483
-5065 -4271
-1453 -3557
-5773 -6526
-5628 -3017
-8571 -5524
-82 -3069
-1319 -6906
-6873 -3000
-541 -4164
-3676 -1090
-4824 -1349
-7819 -778
-6637 -8660
-9561 -5146
-1299 -2891
-918 -3163
-9263 -4970
-5478 -6762
-3404 -5316
-9408 -8508
-8257 -9144
-9905 -2553
-1902 -2097
-4775 -3267
-9541 -9318
-2966 -4515
-7518 -6272
-442 -7293
-2364 -8890
-1567 -7189
-8656 -1258
-1958 -3950
-785 -5626
-3371 -6715
-9340 -499
-3814 -932
-1828 -2857
-4699 -9100
-1396 -6840
-8775 -4520
-6047 -8299
-5356 -3677
-8129 -5975
-1100 -6714
-152 -5365
-5475 -847
-5685 -1205
-343 -6627
-7610 -552
-3835 -4480
-1875 -6153
-9118 -3900
-4542 -2704
86
-6812 -9276
-8696 -8161
-2033 -5190
-9114 -4894
-5787 -104
-4580 -1793
-1894 -40
-2473 -7079
-1495 -3386
-9338 -8322
-100 -2149
-5049 -187
-1216 -2512
-6442 -5376
-7168 -7073
-604 -1498
-3088 -541
-755 -6980
-8233 -8592
-9430 -3831
-1895 -6736
-9791 -9811
-2618 -2703
-9156 -6975
-196 -3027
-1213 -3250
-4179 -1357
-5554 -4480
-1257 -9057
-7539 -1093
-7504 -9344
-26 -848
-6886 -1126
-606 -9300
-6795 -614
-9632 -1681
-380 -6306
-7848 -871
-1223 -6650
-3489 -8037
-9324 -5149
-8980 -5916
-3663 -6968
-5337 -5703
-5525 -1249
-6700 -2945
-5291 -2494
-3476 -9333
-3396 -6409
-4694 -7737
-135 -8791
-9107 -8803
-9240 -761
-3007 -4445
-6278 -9963
-3617 -7687
-6769 -6695
-4238 -2898
-7597 -8762
-1543 -4278
-6293 -426
-9961 -3625
-5155 -1374
-1067 -6241
-6841 -624
-4929 -6475
-718 -5501
-2472 -7486
-1672 -6618
-4751 -8465
-8007 -7599
-5133 -778
-7319 -6378
-6010 -7837
-9575 -2900
-3243 -1145
-3692 -5278
-2544 -5061
-7061 -3090
-5716 -4210
-5745 -8967
-9409 -822
-5231 -3686
-1538 -104
-9910 -6917
-337 -8894
75
-9426 -6992
-5721 -6718
-8360 -1917
-6343 -746
-8411 -5803
-1827 -3512
-6093 -6877
-3682 -4167
-8212 -9149
-7125 -1288
-9541 -4642
-7376 -7407
-2419 -2180
-8690 -7823
-1006 -6277
-590 -4400
-9932 -4923
-7368 -4375
-6034 -1528
-5218 -8304
-2600 -1491
-325 -2159
-8457 -8864
-1812 -4080
-265 -7415
-1896 -5173
-6379 -7184
-5939 -751
-2894 -7035
-6553 -684
-2541 -8481
-3032 -8010
-839 -6131
-3022 -345
-9061 -4432
-325 -4356
-1064 -8844
-3380 -8145
-6622 -4764
-8768 -3441
-9346 -1092
-2275 -4963
-6338 -8689
-320 -8007
-2657 -7037
-6846 -2444
-1803 -5792
-9721 -3548
-7011 -782
-9405 -9630
-6421 -35
-809 -7891
-5265 -3534
-1544 -8036
-5148 -5301
-4267 -9215
-4708 -782
-6718 -374
-9609 -449
-7291 -7508
-8736 -3292
-9 -3391
-6136 -2815
-1654 -5624
-523 -19
-9552 -4211
-9395 -8796
-9580 -3326
-6326 -9891
-1853 -714
-7159 -4976
-8781 -2361
-1471 -1119
-9695 -4958
-8302 -2783
98
-2026 -104
-7907 -4186
-6813 -5605
-6897 -69
-1571 -6140
-490 -3078
-7487 -1620
-1574 -6593
-9710 -449
-4352 -1620
-6107 -8250
-9560 -7049
-1645 -8731
-320 -9770
-469 -9532
-2387 -1288
-4715 -6793
-2916 -5144
-3344 -6562
-6275 -2934
-2055 -1301
-3689 -469
-6653 -748
-3107 -6268
-2587 -7573
-7309 -8334
-6268 -4197
-6416 -4490
-7856 -9896
-4522 -7578
-8450 -3385
-712 -5289
-6401 -2639
-4139 -6356
-4393 -7885
-3456 -5860
-654 -9982
-5016 -5447
-7838 -368
-5113 -379
-6715 -5812
-3289 -3970
-327 -179
-5372 -2496
-5641 -8265
-1165 -2210
-4326 -619
-1822 -1751
-4173 -2280
-9499 -2236
-5445 -2479
-3008 -8227
-5182 -5142
-2143 -9187
-3159 -2496
-488 -418
-1558 -8975
-4558 -3405
-6761 -3377
-2460 -4156
-2466 -4709
-4976 -5400
-4195 -621
-3222 -9452
-2447 -2640
-974 -9527
-3413 -9288
-7629 -9737
-1881 -7324
-6777 -2164
-55 -2444
-5402 -5081
-9070 -9270
-2759 -1933
-3038 -1399
-2649 -760
-6349 -9710
-2535 -1533
-8464 -4805
-9452 -8654
-1117 -9481
-3879 -5402
-6562 -2882
-8846 -9613
-6514 -8636
-631 -8577
-398 -7749
-2483 -9464
-6362 -965
-9692 -1339
-4704 -3120
-7965 -6853
-893 -2792
-6758 -902
-7067 -491
-2274 -5753
-2663 -5692
-6995 -353
32
-6573 -3823
-9604 -27
-4043 -8473
-7467 -7824
-339 -624
-4270 -3498
-8367 -1885
-6293 -9604
-951 -3117
-7490 -1366
-7622 -4371
-1145 -2167
-6012 -9311
-9109 -3611
-8316 -8674
-8324 -2264
-4037 -8564
-1645 -6767
-4634 -6120
-8965 -2470
-3404 -4771
-2028 -9379
-2559 -1427
-2225 -3749
-9634 -1994
-4244 -6601
-9750 -3786
-3278 -3216
-9849 -3602
-5622 -2361
-7823 -762
-3244 -672
95
-9732 -8157
-301 -8901
-4880 -1138
-1132 -2282
-5704 -3337
-9365 -4476
-900 -5418
-5103 -3155
-1913 -2071
-4916 -1520
-8400 -3603
-7876 -6898
-9688 -5503
-3742 -6565
-5486 -3213
-2302 -795
-5669 -2729
-2600 -6615
-8585 -5625
-9033 -2381
-2411 -2991
-5606 -807
-9266 -6376
-9989 -5589
-2344 -271
-9741 -1470
-3195 -3642
-4380 -1706
-3972 -4290
-9348 -248
-8548 -8648
-8910 -7312
-8055 -4595
-4061 -1739
-7953 -95
-788 -2025
-7360 -1108
-4677 -9706
-6591 -4918
-4015 -7383
-5687 -7092
-4654 -1038
-261 -1376
-5988 -5492
-5781 -5378
-7328 -7012
-4445 -3656
-3159 -5683
-8728 -3786
-5919 -5465
-6008 -4632
-7883 -4506
-6470 -5453
-8379 -7199
-776 -7526
-7993 -3240
-1581 -949
-3750 -7918
-6989 -3600
-8933 -9220
-4213 -8431
-2921 -7150
-9382 -4412
-9909 -2155
-6272 -4133
-4839 -2969
-1874 -9847
-9296 -1913
-1393 -5376
-2989 -465
-6054 -30
-6868 -8752
-5674 -1945
-5715 -5623
-1072 -4712
-4936 -3679
-8817 -3596
-3995 -1154
-5359 -4748
-646 -3236
-4476 -2115
-3810 -9744
-7200 -8739
-309 -956
-4084 -8194
-4657 -6080
-553 -2719
-7421 -7022
-6277 -776
-271 -8308
-6649 -9959
-2369 -7970
-9236 -7461
-8796 -226
-3042 -9138
67
-5894 -3629
-259 -8063
-4141 -9060
-688 -4635
-9850 -2647
-4053 -955
-9287 -3548
-8913 -5406
-636 -7337
-3239 -7586
-7616 -5891
-913 -1921
-8822 -4507
-3090 -9602
-4758 -837
-2889 -5149
-309 -6340
-6021 -6163
-758 -8035
-1186 -3908
-3754 -3855
-4303 -5011
-5149 -5030
-768 -6890
-1582 -3696
-9351 -355
-5869 -3557
-663 -4425
-5972 -9005
-8680 -3268
-4481 -2418
-4047 -5086
-6423 -9341
-3332 -8496
-2477 -5138
-1501 -2681
-278 -9702
-9135 -4442
-9799 -1938
-9040 -1329
-7842 -5148
-1107 -1437
-2295 -342
-8141 -3969
-2224 -5198
-3080 -7679
-7537 -2570
-924 -8744
-9432 -5068
-6276 -9368
-198 -9316
-7633 -3722
-3070 -243
-8194 -7746
-9679 -7985
-9330 -454
-4418 -141
-335 -2676
-8402 -9677
-9724 -513
-2339 -6237
-7120 -2795
-4272 -2956
-3000 -5183
-3874 -7762
-839 -2673
-7170 -5984
90
-4590 -9753
-4788 -9389
-3849 -8514
-3652 -6949
-4776 -2761
-1964 -1338
-6573 -663
-5969 -6658
-6949 -6076
-1755 -2011
-4958 -4764
-4910 -1611
-5933 -4032
-7606 -3775
-6735 -721
-14 -9739
-747 -5162
-6748 -8931
-7804 -1438
-7060 -1343
-2154 -1646
-2259 -7747
-3517 -3848
-322 -5043
-5445 -9266
-1370 -3741
-95 -7012
-2840 -3082
-4393 -7115
-2479 -1179
-1445 -5607
-9987 -6032
-7806 -2035
-6938 -2908
-1163 -3085
-4812 -8298
-847 -7226
-5294 -4724
-318 -6655
-4794 -7541
-4173 -1267
-3520 -81
-5808 -8894
-7159 -7489
-4469 -9937
-8192 -9905
-8183 -890
-812 -9438
-4585 -3593
-6002 -1503
-1641 -6282
-5009 -9613
-7933 -688
-7385 -3853
-8411 -3577
-4461 -576
-4274 -5237
-4149 -1501
-1760 -7412
-6787 -587
-7363 -674
-7456 -1271
-1051 -7899
-7275 -8519
-3812 -4044
-3062 -9707
-5220 -5376
-7486 -8469
-4322 -6741
-1830 -9367
-686 -9585
-583 -3759
-246 -3248
-9317 -7168
-156 -6463
-6358 -9322
-1401 -3874
-2661 -2719
-944 -290
-616 -2779
-536 -6975
-5554 -9479
-8004 -4502
-2223 -7290
-7054 -8263
-5233 -220
-4382 -2478
-2742 -4034
-1911 -8030
-4510 -4134
19
-995 -1487
-7590 -3468
-6193 -6065
-4942 -1210
-3514 -8965
-6797 -1318
-9927 -346
-653 -7939
-5875 -5222
-7614 -2759
-2722 -5136
-4485 -6321
-8162 -1053
-5734 -7699
-7188 -6238
-4765 -8525
-1747 -8734
-5121 -942
-1486 -2433
77
-7231 -5313
-182 -3267
-5982 -1682
-3064 -883
-6868 -549
-4947 -8657
-3312 -912
-3767 -6640
-489 -342
-590 -8346
-8291 -2066
-2155 -7012
-2033 -8712
-2501 -7367
-7662 -2478
-7423 -7338
-8145 -2024
-2962 -1977
-340 -7424
-2890 -6011
-6662 -6382
-5451 -3962
-4722 -5989
-794 -2786
-5096 -1193
-2878 -4157
-8816 -2814
-8135 -7199
-8105 -981
-392 -5786
-82 -8603
-7068 -5648
-8668 -8599
-9023 -603
-6829 -7288
-1971 -7153
-3323 -9587
-1436 -8558
-220 -5438
-8182 -919
-3033 -3012
-4826 -2313
-8043 -9372
-9410 -9408
-6466 -7773
-6055 -3820
-5329 -6174
-6122 -9558
-2445 -4780
-8948 -1843
-4201 -4307
-1719 -3464
-2543 -5657
-1099 -1599
-778 -4779
-6134 -6856
-5864 -9614
-2132 -5176
-3615 -4205
-5611 -1098
-8776 -7491
-97 -3679
-37 -9945
-3277 -6123
-7401 -5738
-4626 -50
-9346 -3673
-302 -776
-6209 -4718
-523 -1829
-1778 -5742
-8343 -7475
-7288 -2855
-6157 -4406
-6904 -5798
-515 -9312
-139 -979
18
-1633 -1420
-9599 -3110
-1798 -2181
-1067 -3937
-1665 -3379
-2232 -270
-1594 -942
-3934 -3639
-6366 -8430
-9529 -3656
-4665 -8676
-205 -1265
-2613 -1631
-748 -2871
-1684 -5201
-4388 -3436
-948 -4884
-1255 -257
95
-7930 -9727
-8176 -1419
-7066 -6703
-788 -3082
-2516 -6672
-1204 -4040
-3357 -8688
-9228 -8970
-9699 -5413
-870 -3352
-5683 -6529
-2663 -3751
-473 -5322
-6064 -8685
-67 -3228
-2858 -1889
-4513 -3694
-7189 -2026
-7257 -5858
-2508 -3974
-3327 -6590
-9796 -9286
-9113 -5513
-1510 -4100
-8294 -603
-2150 -6759
-4036 -9699
-3529 -7351
-2196 -5335
-7282 -4886
-551 -6473
-8870 -1674
-3909 -6253
-3752 -1032
-1254 -1899
-4292 -1978
-19 -467
-4414 -6592
-2632 -630
-317 -4111
-9928 -6483
-2268 -1622
-4081 -7757
-1250 -9368
-5671 -5106
-7640 -4494
-6617 -5646
-5089 -9621
-2160 -2742
-7347 -236
-126 -75
-4537 -4500
-1984 -7449
-10000 -4049
-7793 -7848
-2152 -6956
-4143 -3843
-7678 -9206
-5084 -4068
-7307 -2326
-4441 -3013
-4712 -8756
-3600 -2641
-8214 -2344
-6756 -2075
-9114 -9252
-7251 -9622
-3732 -8436
-4847 -223
-6685 -8119
-9758 -4584
-8849 -4660
-3711 -7361
-151 -4610
-5236 -7528
-3786 -873
-3823 -9791
-7408 -4221
-6118 -1659
-8583 -4284
-5084 -3359
-8437 -6228
-7271 -1303
-7411 -8028
-3390 -9531
-8326 -6350
-937 -8491
-4782 -2985
-1056 -2405
-9238 -7074
-2576 -9535
-2368 -3565
-7238 -1462
-8792 -5746
-7222 -9031
3
-8294 -1278
-2802 -6218
-3516 -6708
45
-6965 -560
-1765 -7859
-9194 -8307
-6587 -1877
-6047 -8555
-4686 -4132
-8279 -4517
-9845 -5585
-498 -1256
-2393 -6948
-8708 -53
-5650 -4815
-6638 -2672
-8096 -5609
-5630 -1202
-934 -5111
-7653 -1969
-2777 -3015
-8042 -3430
-3146 -1501
-2672 -2385
-4492 -785
-7759 -2850
-9565 -664
-1434 -2215
-1258 -6173
-9677 -5136
-9790 -6274
-2790 -1699
-2657 -7851
-5485 -610
-4339 -656
-1706 -3472
-9101 -5417
-5867 -9707
-1372 -2567
-8643 -3557
-497 -7922
-4078 -3608
-9071 -7333
-8382 -1623
-5385 -2807
-9639 -6447
-8443 -7656
-9568 -808
22
-5854 -5045
-1541 -3496
-4453 -2345
-1248 -4324
-5873 -9744
-4900 -8898
-5557 -3953
-6786 -9700
-7046 -2091
-9411 -1187
-2918 -9063
-1320 -2156
-3347 -9112
-8290 -8616
-6101 -9365
-1571 -2284
-361 -8482
-978 -8090
-6742 -2447
-2585 -1411
-3306 -5619
-5429 -3482
75
-5715 -6728
-4094 -2960
-5464 -3639
-1745 -2856
-187 -5635
-8199 -5799
-1327 -3539
-771 -9384
-3102 -4678
-227 -4900
-8213 -8684
-2818 -6283
-6452 -5558
-6475 -6278
-810 -2921
-4677 -4790
-1811 -8360
-8512 -5588
-1855 -3409
-2480 -9881
-5863 -9049
-9821 -3072
-5487 -6605
-3462 -1258
-3502 -9882
-1458 -6626
-6473 -1305
-5974 -4362
-1007 -3805
-9396 -2529
-7619 -9403
-244 -5521
-437 -9686
-909 -1185
-2373 -9244
-7249 -1825
-7085 -6827
-7868 -9593
-2494 -4879
-220 -6897
-939 -7584
-7829 -1049
-7613 -6435
-1315 -1276
-6407 -5448
-1137 -4643
-2492 -4116
-2742 -7595
-8968 -5222
-9845 -7652
-6741 -1084
-2757 -5828
-9246 -7115
-7786 -1579
-4148 -8847
-4650 -7307
-4548 -9678
-6261 -3103
-9948 -5054
-8344 -1227
-9073 -1375
-8151 -4244
-4651 -1325
-384 -4937
-7750 -5314
-4501 -9047
-5816 -7132
-8325 -915
-80 -240
-8018 -9597
-3568 -7665
-189 -460
-6303 -5786
-6509 -9463
-3025 -889
36
-8076 -355
-9543 -2872
-3025 -9905
-831 -4284
-4675 -6898
-2029 -7861
-9630 -7751
-6440 -1586
-37 -8099
-612 -1318
-3854 -198
-8136 -7228
-5480 -4483
-1686 -8793
-7581 -5569
-6413 -6648
-3796 -6127
-9643 -5933
-7998 -8874
-3199 -2033
-8127 -6987
-8375 -6602
-9466 -3118
-4810 -4395
-1994 -5149
-8231 -961
-2069 -5615
-576 -7717
-5245 -6579
-6255 -9900
-1151 -1313
-8522 -5523
-5494 -5914
-9231 -9368
-8499 -4970
-267 -2939
27
-7107 -1431
-6597 -9589
-2684 -3146
-2519 -5523
-9078 -3271
-8729 -2273
-2714 -2316
-8974 -8972
-10000 -690
-6993 -6265
-282 -1948
-4888 -4855
-6291 -7333
-8100 -8992
-511 -8649
-2429 -4471
-4680 -1680
-9937 -2262
-2574 -6300
-5493 -6473
-1257 -647
-782 -8919
-103 -9384
-9127 -2619
-8806 -6781
-6563 -1763
-1553 -1650
64
-4925 -5313
-9414 -3073
-9321 -7016
-6913 -7655
-2423 -9687
-6612 -9451
-7105 -6760
-6990 -1885
-5391 -9986
-4637 -2221
-5045 -1189
-5489 -9889
-8454 -8345
-3938 -7439
-3134 -5762
-1494 -9230
-7781 -7877
-2990 -2738
-784 -455
-3842 -6150
-7991 -4390
-9858 -6822
-9132 -5053
-9923 -8862
-2538 -9995
-3538 -9560
-7615 -8567
-9843 -6631
-7675 -9407
-6224 -2886
-2302 -1533
-6556 -808
-2799 -7704
-3788 -8294
-7558 -306
-7707 -3953
-4093 -7489
-721 -4095
-7067 -4223
-9838 -2120
-933 -9639
-7761 -4952
-7597 -8670
-6787 -3344
-6565 -2226
-4264 -9424
-4618 -5408
-5157 -2177
-1114 -691
-3928 -3537
-8870 -4410
-6358 -3636
-4690 -7562
-3507 -7471
-9541 -8661
-5409 -1475
-619 -5010
-6084 -819
-5311 -788
-7375 -3516
-307 -2424
-3588 -2234
-2962 -242
-4243 -3689
14
-7271 -8460
-4739 -8814
-2864 -5514
-1664 -6289
-4680 -8948
-4251 -26
-5681 -8280
-9886 -7586
-3799 -2472
-3061 -2515
-1797 -9824
-4416 -3990
-4428 -7188
-3114 -2706
37
-1649 -9090
-5139 -3434
-8997 -4955
-8081 -8756
-3010 -5908
-1109 -8301
-23 -4141
-671 -1152
-1219 -8763
-7312 -8920
-3556 -9716
-5855 -9158
-1617 -6320
-7806 -9021
-3701 -4243
-4150 -1475
-9705 -8841
-1476 -6596
-8495 -9083
-3247 -5413
-144 -4761
-1120 -9265
-5119 -5425
-8336 -943
-9597 -8600
-3638 -1317
-3782 -9277
-3551 -2214
-1065 -9110
-64 -4010
-6596 -7805
-4254 -4531
-2637 -9611
-8795 -2684
-346 -9093
-698 -1278
-4013 -299
77
-1320 -3126
-2392 -1175
-1499 -3869
-6325 -6543
-9704 -1511
-5509 -1248
-6294 -7372
-2714 -2827
-3274 -1472
-4726 -9136
-5255 -3623
-2054 -4700
-319 -9255
-5270 -7713
-4442 -4575
-1544 -6877
-1303 -8257
-3586 -8195
-236 -3879
-1252 -7570
-5889 -7887
-353 -7367
-9171 -8545
-3491 -9999
-3035 -9424
-2972 -6344
-8963 -9008
-3476 -3334
-2123 -5032
-8002 -4103
-8972 -8746
-2388 -2893
-9043 -8468
-5452 -4049
-4736 -2260
-8021 -5122
-9618 -363
-9202 -7222
-3057 -1332
-1655 -3611
-1373 -1269
-8006 -9317
-2987 -7045
-3326 -6784
-1438 -8853
-2416 -5986
-7595 -7249
-9072 -9001
-936 -4890
-4739 -6104
-8939 -3222
-6444 -9428
-1195 -3266
-2982 -5942
-8332 -2158
-3403 -3775
-1519 -7068
-5930 -8143
-5355 -6977
-6852 -5424
-2559 -7882
-7305 -2015
-8947 -8549
-2544 -7775
-4583 -1057
-1750 -7805
-6004 -5282
-877 -5464
-7349 -7368
-1139 -3690
-8802 -7860
-7389 -6783
-4622 -1548
-2840 -886
-3234 -8005
-2774 -2775
-7907 -1674
63
-6228 -5968
-7659 -3396
-6059 -6174
-877 -3084
-6288 -5610
-4240 -8702
-9942 -3169
-3710 -6591
-2067 -6532
-745 -7164
-857 -1014
-919 -7856
-4804 -5732
-7882 -1746
-6475 -4745
-551 -755
-8228 -4598
-6445 -2841
-4785 -562
-9869 -9747
-2881 -5510
-9169 -3144
-8415 -758
-9914 -6363
-7996 -1836
-7951 -6860
-6379 -2044
-5289 -3880
-5127 -9359
-8954 -7929
-7303 -3500
-6591 -4974
-24 -7354
-6464 -9643
-5844 -9981
-3536 -9324
-4614 -4800
-8489 -1886
-8075 -3162
-7145 -1723
-7286 -3937
-3234 -8014
-2791 -4518
-3937 -7803
-1276 -9368
-5400 -5348
-2222 -7319
-3166 -6035
-6146 -8902
-6525 -5535
-7125 -6678
-2618 -9243
-7155 -6134
-3893 -686
-8196 -8037
-4373 -1238
-1466 -9815
-5528 -505
-5624 -3790
-8737 -3956
-2695 -3943
-6290 -1106
-569 -960
92
-1276 -3419
-8669 -3035
-7946 -6157
-8683 -2736
-5209 -8167
-9502 -1121
-6384 -5468
-9090 -4450
-324 -5011
-7697 -8708
-5259 -8677
-9273 -3062
-5542 -9133
-286 -117
-639 -4447
-823 -5479
-7715 -1648
-6140 -9384
-4221 -1972
-4128 -7366
-4143 -9549
-4389 -3779
-1339 -6880
-1440 -3856
-948 -9311
-4289 -8312
-4672 -3715
-3432 -5352
-8093 -2193
-2930 -9487
-6275 -7812
-1812 -5947
-7733 -8673
-5485 -2473
-5902 -2685
-8308 -3108
-6889 -2355
-600 -8603
-5212 -8026
-1053 -4455
-7359 -434
-3966 -2066
-6211 -5762
-759 -3674
-2993 -9616
-3616 -3144
-4605 -2247
-7096 -9631
-9099 -8855
-7364 -6211
-1077 -2517
-6976 -1674
-1041 -5111
-4223 -8189
-7251 -4246
-6135 -4473
-1781 -8172
-147 -7521
-5173 -1888
-1374 -612
-3141 -3926
-6174 -2932
-3607 -4753
-7272 -626
-9607 -752
-5482 -6372
-7215 -7909
-1677 -2827
-7503 -2339
-8473 -4601
-68 -9391
-7031 -7928
-536 -4110
-4794 -8794
-971 -185
-2400 -9160
-2920 -3710
-2873 -8173
-6642 -6411
-377 -2073
-6343 -2978
-9949 -6290
-8000 -4803
-3082 -6677
-3828 -4376
-161 -6430
-1768 -7685
-9555 -3669
-8497 -3246
-5161 -5524
-3828 -6186
-7950 -9917
63
-6427 -3270
-6888 -6691
-1617 -6439
-5165 -4882
-4323 -1417
-8359 -2456
-252 -2553
-3677 -1963
-5452 -2630
-1570 -6289
-1538 -9241
-9950 -6455
-7527 -15
-2211 -554
-5302 -1177
-370 -918
-665 -6115
-6103 -934
-7748 -9882
-4882 -1019
-8192 -170
-4471 -1656
-8631 -1891
-9518 -3189
-2497 -3200
-8309 -8929
-3551 -4753
-6659 -4159
-2520 -827
-9173 -3239
-938 -3549
-5671 -8851
-5130 -9401
-2765 -7691
-3170 -296
-7223 -3998
-9397 -7503
-823 -4529
-2972 -7039
-6418 -4993
-6942 -4252
-7498 -1393
-5619 -5951
-1047 -3209
-1419 -7009
-1734 -1327
-7712 -4880
-5569 -1900
-7700 -6545
-2854 -9755
-1687 -1455
-1747 -9306
-1355 -8623
-6187 -9402
-6460 -4693
-4299 -3483
-6502 -9634
-1124 -6076
-6924 -3381
-1860 -2401
-235 -5363
-6795 -9473
-6672 -9405
14
-447 -703
-4858 -6744
-1659 -3164
-6257 -1584
-288 -7599
-7141 -3640
-321 -9130
-4601 -8286
-2165 -3444
-1325 -4792
-4695 -6510
-1964 -1963
-7340 -2805
-3815 -5464
6
-8721 -5077
-3014 -2316
-6094 -3603
-5553 -574
-5168 -9373
-7025 -1593
