1000
5 3
2 2
10 3
20 5
10 0
0 0
11 10
18 4
15 5
17 7
12 1
11 2
10 7
16 10
15 4
19 5
13 9
10 4
11 1
13 7
18 5
19 4
10 4
15 12
14 0
13 3
10 10
10 9
14 0
17 4
19 9
14 8
20 8
15 3
17 5
10 9
14 13
10 5
19 14
17 1
14 7
17 10
12 3
17 10
15 1
10 6
19 6
18 1
19 19
20 8
18 8
11 3
19 19
15 11
19 4
12 4
18 1
19 4
17 15
11 8
20 18
16 15
13 10
19 14
11 0
15 14
10 3
10 0
11 3
12 7
18 4
13 11
14 7
18 0
20 11
19 0
20 6
10 2
14 1
14 0
11 5
14 0
20 4
11 9
19 9
18 5
11 6
13 11
14 4
13 4
12 9
16 3
18 9
15 14
16 11
12 1
11 2
14 11
14 10
13 13
19 1
14 13
10 1
16 1
16 5
10 2
17 7
12 3
11 0
18 16
12 8
16 10
18 15
10 8
10 8
20 5
12 7
13 4
12 9
10 4
18 3
19 11
14 14
18 8
18 14
13 10
13 7
10 10
15 11
11 2
20 7
14 13
20 0
14 1
15 3
11 2
20 16
14 7
20 16
11 7
18 4
13 12
16 4
13 5
17 10
18 4
20 20
17 4
10 3
19 17
11 7
16 10
18 16
17 4
13 11
19 17
20 17
10 3
11 7
12 10
18 0
10 7
11 3
13 8
12 0
17 5
18 5
18 18
18 8
17 9
15 7
14 3
18 3
11 4
12 5
19 12
16 11
18 14
19 8
17 2
12 10
10 0
20 20
12 9
14 4
20 13
18 13
17 1
16 8
12 7
13 3
18 5
14 13
18 10
10 7
20 7
15 6
15 11
11 8
10 7
12 10
14 13
13 5
17 4
13 1
13 0
19 13
17 4
19 12
14 12
10 8
15 3
14 2
11 1
19 17
17 5
17 10
16 11
19 18
19 9
14 4
18 2
20 0
19 2
10 7
20 5
10 5
19 16
14 12
14 10
19 15
18 8
12 6
10 0
11 3
19 5
18 5
17 2
15 10
14 2
16 7
16 15
15 1
14 6
10 7
12 2
18 7
17 10
10 5
20 19
13 13
13 3
20 5
10 10
18 15
17 6
11 9
20 3
10 4
17 11
16 5
11 4
15 14
12 3
12 3
18 5
19 10
19 13
19 2
18 3
11 10
10 5
13 4
20 2
14 14
12 0
19 14
16 10
20 12
20 14
19 14
13 12
17 7
10 3
11 7
19 8
14 12
16 13
10 8
10 4
16 1
19 4
15 13
19 3
16 5
11 1
19 11
16 6
20 6
19 7
17 5
13 0
14 9
19 8
10 3
10 10
18 15
11 1
20 2
10 1
16 13
12 3
14 9
15 10
20 2
10 5
10 7
17 17
16 6
16 9
12 12
12 3
13 9
17 6
15 6
14 1
20 16
16 4
19 5
10 9
12 2
17 13
14 4
11 5
15 11
17 1
11 11
10 2
12 0
11 3
17 12
12 6
17 12
19 1
17 10
15 8
11 1
17 1
15 0
15 9
13 7
18 15
16 1
17 8
15 2
18 14
12 0
10 10
17 12
18 9
16 13
16 11
10 4
10 10
17 1
18 12
13 0
17 8
15 11
18 0
16 10
12 0
13 1
18 18
12 0
13 12
15 1
11 9
10 1
15 2
11 2
16 7
16 7
15 15
15 10
13 0
15 14
16 5
14 5
14 13
18 10
19 19
20 16
17 12
17 1
13 11
13 1
14 3
17 5
18 8
11 11
11 9
16 14
11 2
17 13
15 2
16 12
14 8
19 13
17 12
14 14
18 2
18 17
20 6
16 6
14 5
16 3
18 12
16 4
18 14
11 4
10 6
14 11
18 11
14 7
17 9
14 6
15 7
17 11
16 13
20 4
13 5
15 2
17 6
12 7
17 5
15 1
11 11
17 2
16 14
16 15
14 4
17 0
15 5
14 6
14 12
20 20
12 2
17 12
18 5
10 10
13 7
15 4
13 2
14 9
19 10
16 0
17 4
16 0
15 6
16 9
17 2
16 6
18 0
18 17
18 0
15 8
11 0
18 15
15 15
16 10
14 5
16 1
17 9
15 8
17 1
10 4
14 7
16 8
20 4
19 11
11 10
14 13
14 2
15 9
10 4
17 16
19 5
12 5
10 4
13 13
20 11
18 6
11 10
14 10
20 0
18 0
15 13
11 2
11 6
18 3
19 10
15 7
15 12
15 3
19 4
14 0
16 11
12 10
13 6
15 0
19 3
13 8
18 7
16 11
10 5
13 12
12 8
12 12
13 1
13 5
17 8
16 13
12 7
18 10
14 9
20 12
16 8
11 11
18 17
10 7
15 7
11 11
19 18
17 13
14 0
14 7
18 12
12 0
14 13
19 12
12 10
13 5
10 0
18 1
11 3
16 0
13 9
19 11
20 16
10 5
19 17
15 13
15 1
14 3
19 13
11 2
14 14
16 12
13 10
12 0
15 9
20 10
14 9
12 7
19 10
13 3
12 1
10 5
17 2
10 2
13 6
16 13
19 3
11 11
16 11
19 8
17 0
11 4
13 6
17 13
16 16
18 8
15 7
13 2
13 2
17 0
10 3
20 11
20 7
20 6
14 13
11 6
10 10
20 18
18 6
14 8
10 5
19 0
19 4
19 3
13 3
13 9
20 8
16 2
19 0
17 4
19 1
17 5
11 8
18 0
18 12
18 9
15 1
12 4
14 4
10 9
16 0
10 7
15 4
13 12
11 5
16 8
13 6
12 9
16 12
13 2
14 8
11 7
17 10
18 0
20 15
10 0
10 3
16 6
15 6
11 10
11 3
16 10
18 17
18 13
10 10
11 8
17 13
18 1
11 3
18 6
16 13
16 16
16 9
18 9
19 1
10 0
20 16
20 7
13 11
13 13
18 18
11 8
14 13
15 14
17 15
19 16
15 14
20 1
18 1
18 1
17 2
15 14
19 2
19 13
18 11
15 0
16 1
12 12
19 2
17 12
18 9
14 5
15 1
13 10
12 5
12 11
18 4
13 9
20 7
17 15
15 10
19 1
12 11
16 6
20 11
16 12
18 18
15 2
15 8
10 2
19 9
10 1
18 17
15 2
17 7
13 8
16 16
10 2
18 6
10 4
15 7
13 5
12 9
18 6
16 6
12 2
20 17
19 4
18 7
16 15
17 13
14 5
10 9
14 14
11 9
10 8
11 4
19 2
14 1
17 9
19 4
12 4
14 14
17 11
11 7
14 8
20 14
10 4
16 6
16 4
17 13
18 11
14 13
15 15
12 4
20 7
19 4
18 16
19 2
10 7
14 4
11 6
10 2
19 3
17 7
13 7
14 1
15 5
17 11
12 3
11 8
13 13
17 4
16 8
14 3
14 13
19 15
16 15
13 11
17 0
19 10
16 7
14 13
14 9
18 2
15 9
19 6
17 13
20 16
15 9
10 2
12 5
12 4
12 11
17 12
15 6
18 17
15 4
14 9
16 1
11 9
11 7
18 10
12 9
15 10
11 4
20 19
17 2
14 4
20 12
19 13
14 14
18 6
10 1
13 12
14 0
17 9
20 6
13 0
15 15
15 0
19 16
17 3
16 11
12 5
17 16
14 13
17 12
17 9
19 14
10 6
13 8
15 8
18 4
11 2
20 11
14 0
17 15
16 6
16 9
12 6
15 11
13 4
13 1
13 0
18 7
17 16
10 10
16 5
10 8
13 2
11 10
18 16
13 0
13 5
13 6
17 16
16 0
20 15
12 9
19 17
15 15
14 7
16 10
12 12
18 10
16 15
19 9
15 11
12 0
15 9
17 2
20 13
18 4
10 5
13 7
16 7
13 13
18 9
12 4
18 14
11 4
19 13
14 3
17 9
11 5
14 2
20 13
12 4
13 9
20 3
10 6
10 1
18 18
12 4
16 13
15 9
18 12
17 10
18 11
20 0
11 2
10 10
13 11
10 8
17 1
17 13
12 4
10 0
16 16
10 10
16 5
11 4
12 4
16 14
12 9
13 7
20 8
11 6
16 1
17 10
20 12
20 4
13 4
16 9
10 4
16 7
11 10
18 2
10 6
17 0
14 13
17 7
16 5
15 12
14 2
18 18
13 10
14 5
18 1
14 14
12 3
10 0
14 6
15 0
17 10
10 8
19 16
18 2
17 12
11 9
12 10
11 8
16 5
14 10
10 10
18 5
18 4
10 5
11 6
13 13
19 6
17 14
11 9
16 14
10 0
19 10
12 5
11 0
10 2
18 9
18 15
19 10
16 14
20 12
10 0
20 9
19 16
17 10
11 6
13 2
14 4
15 3
17 15
16 0
13 13
17 15
12 8
13 12
11 4
15 15
14 13
11 8
12 9
10 10
14 10
17 14
10 6
11 9
12 1
14 8
15 3
16 2
10 2
19 9
17 5
12 0
10 9
13 7
18 8
10 3
16 2
17 2