12
101
0110001
01011111110001011101111101010001111000101011111111111110001011001100101101111011011010110010011
1000000010000000
1000000001011011010001000110000001000100001100001000100100000000100010
1110000101111111101100111101111001001110111111101111011101011
0000100100001100111000000010011001001001000010000011001010
10000000000001000000000000000100001000000100000000001000000000000000000001000000000010000000
1010011110101111110101111011110000011011111111
111111111110110101111111101111
1010011101111111111110111011110110110111101100001111111011111110111110110101001001
1111111111111110111
