1000
1 2 478
1 3 885
1 4 712
2 3 324
2 4 422
3 4 250
1 2 32
1 3 804
1 4 679
2 3 146
2 4 983
3 4 19
1 2 997
1 3 505
1 4 404
2 3 80
2 4 139
3 4 900
1 2 567
1 3 653
1 4 355
2 3 237
2 4 202
3 4 373
1 2 990
1 3 830
1 4 494
2 3 226
2 4 781
3 4 185
1 2 135
1 3 198
1 4 454
2 3 432
2 4 90
3 4 47
1 2 154
1 3 537
1 4 187
2 3 151
2 4 424
3 4 634
1 2 938
1 3 601
1 4 273
2 3 456
2 4 934
3 4 924
1 2 31
1 3 407
1 4 762
2 3 908
2 4 477
3 4 885
1 2 260
1 3 136
1 4 578
2 3 985
2 4 297
3 4 725
1 2 607
1 3 515
1 4 646
2 3 289
2 4 690
3 4 61
1 2 184
1 3 902
1 4 2
2 3 126
2 4 629
3 4 525
1 2 37
1 3 240
1 4 600
2 3 769
2 4 569
3 4 725
1 2 382
1 3 528
1 4 72
2 3 689
2 4 4
3 4 789
1 2 78
1 3 485
1 4 906
2 3 930
2 4 756
3 4 477
1 2 820
1 3 257
1 4 437
2 3 651
2 4 230
3 4 926
1 2 35
1 3 980
1 4 164
2 3 678
2 4 112
3 4 589
1 2 118
1 3 817
1 4 466
2 3 100
2 4 866
3 4 920
1 2 925
1 3 967
1 4 150
2 3 450
2 4 754
3 4 482
1 2 568
1 3 31
1 4 402
2 3 6
2 4 466
3 4 143
1 2 13
1 3 234
1 4 592
2 3 403
2 4 489
3 4 71
1 2 248
1 3 772
1 4 524
2 3 78
2 4 380
3 4 358
1 2 772
1 3 771
1 4 442
2 3 207
2 4 560
3 4 159
1 2 864
1 3 357
1 4 316
2 3 318
2 4 220
3 4 90
1 2 628
1 3 4
1 4 468
2 3 661
2 4 868
3 4 594
1 2 226
1 3 436
1 4 164
2 3 826
2 4 951
3 4 488
1 2 964
1 3 5
1 4 680
2 3 90
2 4 863
3 4 891
1 2 397
1 3 104
1 4 829
2 3 222
2 4 373
3 4 475
1 2 281
1 3 592
1 4 811
2 3 367
2 4 355
3 4 234
1 2 428
1 3 261
1 4 840
2 3 118
2 4 530
3 4 574
1 2 99
1 3 316
1 4 236
2 3 76
2 4 807
3 4 973
1 2 246
1 3 276
1 4 924
2 3 143
2 4 281
3 4 867
1 2 526
1 3 265
1 4 467
2 3 241
2 4 383
3 4 716
1 2 343
1 3 690
1 4 696
2 3 243
2 4 804
3 4 272
1 2 265
1 3 416
1 4 578
2 3 150
2 4 425
3 4 363
1 2 728
1 3 100
1 4 344
2 3 846
2 4 260
3 4 576
1 2 758
1 3 713
1 4 798
2 3 474
2 4 262
3 4 317
1 2 283
1 3 281
1 4 703
2 3 713
2 4 387
3 4 249
1 2 731
1 3 603
1 4 379
2 3 960
2 4 502
3 4 126
1 2 310
1 3 107
1 4 663
2 3 827
2 4 562
3 4 373
1 2 939
1 3 325
1 4 890
2 3 754
2 4 440
3 4 942
1 2 357
1 3 47
1 4 581
2 3 438
2 4 527
3 4 837
1 2 54
1 3 654
1 4 412
2 3 396
2 4 510
3 4 404
1 2 48
1 3 644
1 4 561
2 3 463
2 4 720
3 4 923
1 2 255
1 3 849
1 4 734
2 3 801
2 4 926
3 4 574
1 2 167
1 3 945
1 4 242
2 3 677
2 4 92
3 4 875
1 2 991
1 3 311
1 4 680
2 3 38
2 4 307
3 4 702
1 2 438
1 3 74
1 4 992
2 3 509
2 4 744
3 4 517
1 2 982
1 3 34
1 4 989
2 3 529
2 4 180
3 4 314
1 2 464
1 3 619
1 4 455
2 3 530
2 4 496
3 4 811
1 2 697
1 3 497
1 4 631
2 3 15
2 4 348
3 4 997
1 2 46
1 3 240
1 4 869
2 3 338
2 4 584
3 4 828
1 2 290
1 3 462
1 4 59
2 3 954
2 4 737
3 4 163
1 2 666
1 3 499
1 4 338
2 3 120
2 4 769
3 4 584
1 2 486
1 3 107
1 4 749
2 3 573
2 4 219
3 4 101
1 2 279
1 3 423
1 4 386
2 3 164
2 4 631
3 4 958
1 2 581
1 3 662
1 4 727
2 3 446
2 4 413
3 4 106
1 2 569
1 3 728
1 4 142
2 3 81
2 4 462
3 4 601
1 2 74
1 3 96
1 4 90
2 3 126
2 4 283
3 4 356
1 2 938
1 3 953
1 4 596
2 3 586
2 4 859
3 4 568
1 2 721
1 3 66
1 4 164
2 3 987
2 4 315
3 4 325
1 2 303
1 3 840
1 4 142
2 3 900
2 4 202
3 4 259
1 2 487
1 3 470
1 4 332
2 3 672
2 4 494
3 4 988
1 2 742
1 3 146
1 4 957
2 3 699
2 4 212
3 4 886
1 2 397
1 3 959
1 4 729
2 3 249
2 4 493
3 4 416
1 2 938
1 3 109
1 4 97
2 3 86
2 4 589
3 4 452
1 2 779
1 3 650
1 4 64
2 3 923
2 4 22
3 4 530
1 2 228
1 3 748
1 4 28
2 3 283
2 4 778
3 4 856
1 2 413
1 3 159
1 4 674
2 3 673
2 4 420
3 4 372
1 2 901
1 3 219
1 4 957
2 3 815
2 4 952
3 4 10
1 2 240
1 3 532
1 4 837
2 3 837
2 4 577
3 4 65
1 2 725
1 3 450
1 4 688
2 3 193
2 4 132
3 4 235
1 2 650
1 3 176
1 4 373
2 3 350
2 4 292
3 4 110
1 2 798
1 3 439
1 4 851
2 3 25
2 4 124
3 4 897
1 2 187
1 3 886
1 4 552
2 3 599
2 4 143
3 4 808
1 2 658
1 3 282
1 4 64
2 3 264
2 4 862
3 4 505
1 2 922
1 3 279
1 4 98
2 3 202
2 4 473
3 4 977
1 2 392
1 3 299
1 4 529
2 3 249
2 4 360
3 4 117
1 2 191
1 3 250
1 4 223
2 3 209
2 4 213
3 4 951
1 2 355
1 3 218
1 4 717
2 3 376
2 4 167
3 4 812
1 2 604
1 3 956
1 4 322
2 3 545
2 4 224
3 4 687
1 2 510
1 3 205
1 4 701
2 3 555
2 4 500
3 4 889
1 2 56
1 3 877
1 4 560
2 3 837
2 4 293
3 4 267
1 2 897
1 3 927
1 4 100
2 3 512
2 4 325
3 4 989
1 2 526
1 3 167
1 4 641
2 3 482
2 4 168
3 4 632
1 2 836
1 3 629
1 4 482
2 3 993
2 4 331
3 4 548
1 2 508
1 3 751
1 4 452
2 3 452
2 4 743
3 4 293
1 2 226
1 3 982
1 4 61
2 3 395
2 4 867
3 4 506
1 2 661
1 3 45
1 4 219
2 3 888
2 4 114
3 4 99
1 2 576
1 3 493
1 4 379
2 3 260
2 4 694
3 4 821
1 2 874
1 3 69
1 4 3
2 3 978
2 4 973
3 4 129
1 2 212
1 3 201
1 4 973
2 3 320
2 4 84
3 4 114
1 2 899
1 3 355
1 4 208
2 3 843
2 4 522
3 4 184
1 2 443
1 3 999
1 4 520
2 3 91
2 4 88
3 4 735
1 2 92
1 3 473
1 4 201
2 3 433
2 4 462
3 4 949
1 2 992
1 3 37
1 4 106
2 3 901
2 4 534
3 4 146
1 2 341
1 3 314
1 4 485
2 3 396
2 4 725
3 4 960
1 2 345
1 3 173
1 4 668
2 3 815
2 4 365
3 4 756
1 2 919
1 3 356
1 4 467
2 3 648
2 4 529
3 4 868
1 2 611
1 3 486
1 4 302
2 3 103
2 4 699
3 4 605
1 2 503
1 3 821
1 4 611
2 3 401
2 4 109
3 4 725
1 2 83
1 3 837
1 4 57
2 3 664
2 4 436
3 4 941
1 2 931
1 3 229
1 4 442
2 3 582
2 4 995
3 4 361
1 2 639
1 3 850
1 4 725
2 3 739
2 4 342
3 4 35
1 2 939
1 3 905
1 4 630
2 3 648
2 4 460
3 4 535
1 2 352
1 3 716
1 4 536
2 3 479
2 4 475
3 4 415
1 2 789
1 3 233
1 4 618
2 3 536
2 4 62
3 4 554
1 2 334
1 3 552
1 4 359
2 3 206
2 4 431
3 4 731
1 2 170
1 3 580
1 4 234
2 3 252
2 4 736
3 4 350
1 2 822
1 3 6
1 4 922
2 3 670
2 4 660
3 4 467
1 2 763
1 3 357
1 4 436
2 3 498
2 4 386
3 4 262
1 2 299
1 3 916
1 4 203
2 3 109
2 4 297
3 4 380
1 2 803
1 3 348
1 4 575
2 3 82
2 4 138
3 4 546
1 2 556
1 3 55
1 4 602
2 3 945
2 4 549
3 4 657
1 2 415
1 3 743
1 4 607
2 3 368
2 4 433
3 4 1
1 2 270
1 3 412
1 4 824
2 3 178
2 4 562
3 4 169
1 2 227
1 3 371
1 4 776
2 3 899
2 4 652
3 4 568
1 2 387
1 3 38
1 4 842
2 3 593
2 4 599
3 4 828
1 2 945
1 3 143
1 4 363
2 3 77
2 4 878
3 4 584
1 2 470
1 3 195
1 4 522
2 3 212
2 4 674
3 4 312
1 2 563
1 3 79
1 4 249
2 3 53
2 4 222
3 4 121
1 2 355
1 3 962
1 4 910
2 3 703
2 4 780
3 4 907
1 2 552
1 3 276
1 4 410
2 3 834
2 4 455
3 4 372
1 2 240
1 3 985
1 4 187
2 3 29
2 4 72
3 4 19
1 2 580
1 3 54
1 4 39
2 3 712
2 4 633
3 4 923
1 2 171
1 3 758
1 4 985
2 3 774
2 4 264
3 4 119
1 2 979
1 3 135
1 4 918
2 3 855
2 4 894
3 4 506
1 2 636
1 3 782
1 4 473
2 3 149
2 4 326
3 4 82
1 2 489
1 3 342
1 4 22
2 3 122
2 4 740
3 4 319
1 2 632
1 3 988
1 4 141
2 3 392
2 4 448
3 4 143
1 2 665
1 3 116
1 4 489
2 3 370
2 4 512
3 4 35
1 2 528
1 3 280
1 4 920
2 3 592
2 4 286
3 4 996
1 2 185
1 3 535
1 4 304
2 3 531
2 4 495
3 4 625
1 2 126
1 3 254
1 4 600
2 3 617
2 4 116
3 4 538
1 2 776
1 3 97
1 4 466
2 3 467
2 4 632
3 4 665
1 2 897
1 3 209
1 4 470
2 3 703
2 4 679
3 4 482
1 2 313
1 3 44
1 4 397
2 3 655
2 4 94
3 4 765
1 2 904
1 3 933
1 4 5
2 3 929
2 4 645
3 4 175
1 2 999
1 3 727
1 4 388
2 3 727
2 4 260
3 4 748
1 2 959
1 3 68
1 4 776
2 3 182
2 4 837
3 4 507
1 2 880
1 3 290
1 4 595
2 3 431
2 4 622
3 4 76
1 2 650
1 3 150
1 4 90
2 3 626
2 4 794
3 4 289
1 2 460
1 3 243
1 4 100
2 3 874
2 4 180
3 4 179
1 2 254
1 3 681
1 4 176
2 3 291
2 4 569
3 4 710
1 2 733
1 3 644
1 4 350
2 3 235
2 4 799
3 4 305
1 2 488
1 3 326
1 4 829
2 3 623
2 4 883
3 4 953
1 2 924
1 3 229
1 4 21
2 3 401
2 4 521
3 4 920
1 2 637
1 3 692
1 4 711
2 3 696
2 4 688
3 4 299
1 2 615
1 3 310
1 4 840
2 3 493
2 4 677
3 4 301
1 2 228
1 3 305
1 4 942
2 3 114
2 4 800
3 4 959
1 2 492
1 3 808
1 4 621
2 3 462
2 4 817
3 4 752
1 2 352
1 3 847
1 4 380
2 3 199
2 4 928
3 4 548
1 2 475
1 3 975
1 4 205
2 3 900
2 4 646
3 4 16
1 2 95
1 3 272
1 4 811
2 3 214
2 4 408
3 4 98
1 2 726
1 3 799
1 4 561
2 3 265
2 4 130
3 4 912
1 2 105
1 3 565
1 4 299
2 3 154
2 4 144
3 4 732
1 2 604
1 3 59
1 4 286
2 3 325
2 4 269
3 4 554
1 2 257
1 3 753
1 4 441
2 3 931
2 4 381
3 4 311
1 2 730
1 3 86
1 4 433
2 3 372
2 4 214
3 4 70
1 2 847
1 3 953
1 4 598
2 3 940
2 4 197
3 4 474
1 2 807
1 3 740
1 4 509
2 3 523
2 4 227
3 4 905
1 2 582
1 3 25
1 4 361
2 3 29
2 4 849
3 4 890
1 2 496
1 3 336
1 4 830
2 3 241
2 4 743
3 4 303
1 2 420
1 3 939
1 4 809
2 3 587
2 4 184
3 4 401
1 2 686
1 3 787
1 4 147
2 3 466
2 4 450
3 4 998
1 2 170
1 3 516
1 4 306
2 3 46
2 4 691
3 4 202
1 2 430
1 3 610
1 4 439
2 3 857
2 4 696
3 4 157
1 2 122
1 3 976
1 4 443
2 3 313
2 4 590
3 4 306
1 2 656
1 3 347
1 4 469
2 3 256
2 4 225
3 4 687
1 2 645
1 3 202
1 4 690
2 3 585
2 4 133
3 4 655
1 2 837
1 3 138
1 4 609
2 3 10
2 4 535
3 4 985
1 2 30
1 3 862
1 4 289
2 3 49
2 4 566
3 4 163
1 2 879
1 3 340
1 4 858
2 3 813
2 4 795
3 4 6
1 2 746
1 3 207
1 4 374
2 3 742
2 4 604
3 4 699
1 2 876
1 3 801
1 4 898
2 3 295
2 4 487
3 4 742
1 2 924
1 3 880
1 4 673
2 3 623
2 4 784
3 4 52
1 2 410
1 3 322
1 4 914
2 3 217
2 4 879
3 4 988
1 2 69
1 3 526
1 4 414
2 3 110
2 4 927
3 4 625
1 2 94
1 3 105
1 4 53
2 3 236
2 4 264
3 4 21
1 2 822
1 3 100
1 4 309
2 3 598
2 4 318
3 4 389
1 2 567
1 3 917
1 4 137
2 3 507
2 4 803
3 4 416
1 2 170
1 3 988
1 4 511
2 3 945
2 4 714
3 4 782
1 2 764
1 3 164
1 4 979
2 3 694
2 4 840
3 4 823
1 2 968
1 3 319
1 4 290
2 3 210
2 4 683
3 4 490
1 2 447
1 3 564
1 4 679
2 3 94
2 4 802
3 4 833
1 2 600
1 3 435
1 4 83
2 3 204
2 4 406
3 4 982
1 2 7
1 3 874
1 4 937
2 3 747
2 4 705
3 4 475
1 2 266
1 3 494
1 4 594
2 3 671
2 4 261
3 4 229
1 2 508
1 3 942
1 4 387
2 3 562
2 4 346
3 4 862
1 2 336
1 3 624
1 4 238
2 3 362
2 4 462
3 4 345
1 2 17
1 3 320
1 4 172
2 3 77
2 4 968
3 4 661
1 2 870
1 3 601
1 4 888
2 3 315
2 4 850
3 4 134
1 2 421
1 3 960
1 4 301
2 3 6
2 4 591
3 4 683
1 2 418
1 3 791
1 4 934
2 3 896
2 4 849
3 4 978
1 2 925
1 3 624
1 4 189
2 3 17
2 4 380
3 4 495
1 2 408
1 3 755
1 4 178
2 3 821
2 4 5
3 4 924
1 2 832
1 3 657
1 4 62
2 3 142
2 4 555
3 4 561
1 2 469
1 3 3
1 4 827
2 3 504
2 4 60
3 4 9
1 2 909
1 3 748
1 4 544
2 3 184
2 4 537
3 4 110
1 2 426
1 3 799
1 4 311
2 3 900
2 4 66
3 4 795
1 2 224
1 3 144
1 4 577
2 3 854
2 4 992
3 4 160
1 2 892
1 3 669
1 4 88
2 3 59
2 4 618
3 4 41
1 2 82
1 3 736
1 4 945
2 3 218
2 4 232
3 4 972
1 2 371
1 3 101
1 4 6
2 3 222
2 4 443
3 4 625
1 2 508
1 3 891
1 4 184
2 3 927
2 4 295
3 4 358
1 2 668
1 3 449
1 4 384
2 3 964
2 4 19
3 4 523
1 2 348
1 3 427
1 4 986
2 3 264
2 4 413
3 4 650
1 2 604
1 3 595
1 4 708
2 3 130
2 4 892
3 4 737
1 2 386
1 3 514
1 4 500
2 3 651
2 4 713
3 4 173
1 2 695
1 3 148
1 4 677
2 3 459
2 4 16
3 4 466
1 2 782
1 3 475
1 4 429
2 3 995
2 4 999
3 4 282
1 2 183
1 3 38
1 4 148
2 3 984
2 4 884
3 4 38
1 2 730
1 3 799
1 4 147
2 3 736
2 4 200
3 4 970
1 2 800
1 3 947
1 4 974
2 3 882
2 4 940
3 4 365
1 2 964
1 3 895
1 4 657
2 3 490
2 4 480
3 4 727
1 2 244
1 3 840
1 4 895
2 3 245
2 4 149
3 4 263
1 2 76
1 3 573
1 4 208
2 3 590
2 4 808
3 4 677
1 2 456
1 3 326
1 4 352
2 3 287
2 4 190
3 4 987
1 2 772
1 3 311
1 4 234
2 3 256
2 4 769
3 4 720
1 2 285
1 3 566
1 4 502
2 3 336
2 4 432
3 4 861
1 2 700
1 3 423
1 4 586
2 3 470
2 4 500
3 4 949
1 2 548
1 3 798
1 4 643
2 3 787
2 4 778
3 4 709
1 2 914
1 3 732
1 4 938
2 3 828
2 4 639
3 4 593
1 2 356
1 3 205
1 4 825
2 3 695
2 4 70
3 4 747
1 2 492
1 3 302
1 4 845
2 3 818
2 4 549
3 4 269
1 2 201
1 3 648
1 4 158
2 3 372
2 4 922
3 4 820
1 2 334
1 3 525
1 4 418
2 3 562
2 4 736
3 4 68
1 2 120
1 3 74
1 4 564
2 3 639
2 4 733
3 4 628
1 2 338
1 3 134
1 4 721
2 3 880
2 4 849
3 4 852
1 2 170
1 3 257
1 4 493
2 3 445
2 4 32
3 4 714
1 2 781
1 3 39
1 4 617
2 3 988
2 4 155
3 4 253
1 2 973
1 3 167
1 4 38
2 3 898
2 4 870
3 4 668
1 2 521
1 3 274
1 4 658
2 3 295
2 4 894
3 4 702
1 2 212
1 3 50
1 4 673
2 3 914
2 4 473
3 4 841
1 2 66
1 3 72
1 4 417
2 3 924
2 4 554
3 4 17
1 2 237
1 3 896
1 4 117
2 3 503
2 4 305
3 4 832
1 2 805
1 3 956
1 4 220
2 3 182
2 4 92
3 4 919
1 2 477
1 3 18
1 4 323
2 3 182
2 4 140
3 4 106
1 2 110
1 3 486
1 4 828
2 3 39
2 4 854
3 4 64
1 2 840
1 3 434
1 4 517
2 3 361
2 4 74
3 4 411
1 2 201
1 3 93
1 4 581
2 3 410
2 4 938
3 4 421
1 2 201
1 3 208
1 4 564
2 3 559
2 4 244
3 4 570
1 2 398
1 3 557
1 4 840
2 3 56
2 4 931
3 4 975
1 2 600
1 3 358
1 4 480
2 3 732
2 4 784
3 4 505
1 2 159
1 3 978
1 4 96
2 3 877
2 4 642
3 4 754
1 2 346
1 3 191
1 4 207
2 3 259
2 4 223
3 4 90
1 2 861
1 3 293
1 4 851
2 3 728
2 4 663
3 4 872
1 2 506
1 3 406
1 4 931
2 3 798
2 4 467
3 4 851
1 2 72
1 3 57
1 4 652
2 3 935
2 4 122
3 4 543
1 2 634
1 3 675
1 4 458
2 3 156
2 4 163
3 4 611
1 2 889
1 3 202
1 4 440
2 3 915
2 4 577
3 4 552
1 2 718
1 3 192
1 4 188
2 3 750
2 4 926
3 4 942
1 2 660
1 3 131
1 4 761
2 3 327
2 4 450
3 4 696
1 2 521
1 3 165
1 4 733
2 3 405
2 4 868
3 4 528
1 2 324
1 3 946
1 4 552
2 3 344
2 4 48
3 4 790
1 2 369
1 3 510
1 4 51
2 3 960
2 4 533
3 4 758
1 2 546
1 3 918
1 4 284
2 3 655
2 4 595
3 4 619
1 2 50
1 3 410
1 4 267
2 3 858
2 4 707
3 4 57
1 2 660
1 3 945
1 4 625
2 3 198
2 4 788
3 4 864
1 2 467
1 3 727
1 4 719
2 3 607
2 4 250
3 4 259
1 2 486
1 3 274
1 4 100
2 3 139
2 4 246
3 4 589
1 2 453
1 3 367
1 4 217
2 3 941
2 4 190
3 4 493
1 2 207
1 3 779
1 4 639
2 3 305
2 4 116
3 4 915
1 2 466
1 3 112
1 4 470
2 3 613
2 4 8
3 4 379
1 2 75
1 3 975
1 4 332
2 3 945
2 4 617
3 4 424
1 2 946
1 3 219
1 4 438
2 3 177
2 4 771
3 4 838
1 2 770
1 3 608
1 4 915
2 3 829
2 4 67
3 4 241
1 2 512
1 3 851
1 4 474
2 3 578
2 4 711
3 4 737
1 2 438
1 3 929
1 4 176
2 3 585
2 4 489
3 4 119
1 2 555
1 3 898
1 4 346
2 3 2
2 4 344
3 4 799
1 2 340
1 3 563
1 4 55
2 3 293
2 4 508
3 4 723
1 2 763
1 3 962
1 4 586
2 3 400
2 4 807
3 4 701
1 2 43
1 3 355
1 4 702
2 3 203
2 4 741
3 4 703
1 2 220
1 3 629
1 4 446
2 3 812
2 4 555
3 4 778
1 2 318
1 3 22
1 4 790
2 3 205
2 4 529
3 4 959
1 2 303
1 3 778
1 4 410
2 3 939
2 4 208
3 4 629
1 2 119
1 3 867
1 4 589
2 3 431
2 4 110
3 4 490
1 2 786
1 3 680
1 4 675
2 3 95
2 4 910
3 4 792
1 2 536
1 3 231
1 4 705
2 3 300
2 4 458
3 4 775
1 2 524
1 3 287
1 4 245
2 3 858
2 4 740
3 4 688
1 2 414
1 3 351
1 4 639
2 3 640
2 4 754
3 4 173
1 2 493
1 3 230
1 4 5
2 3 280
2 4 90
3 4 136
1 2 510
1 3 371
1 4 932
2 3 654
2 4 343
3 4 177
1 2 261
1 3 582
1 4 991
2 3 219
2 4 850
3 4 402
1 2 837
1 3 583
1 4 234
2 3 772
2 4 307
3 4 547
1 2 539
1 3 17
1 4 150
2 3 939
2 4 512
3 4 208
1 2 574
1 3 168
1 4 452
2 3 186
2 4 256
3 4 11
1 2 502
1 3 89
1 4 865
2 3 783
2 4 767
3 4 476
1 2 508
1 3 597
1 4 248
2 3 834
2 4 181
3 4 322
1 2 916
1 3 157
1 4 943
2 3 872
2 4 349
3 4 96
1 2 95
1 3 732
1 4 970
2 3 916
2 4 43
3 4 164
1 2 520
1 3 61
1 4 919
2 3 432
2 4 921
3 4 604
1 2 300
1 3 464
1 4 146
2 3 160
2 4 2
3 4 932
1 2 571
1 3 78
1 4 439
2 3 215
2 4 929
3 4 752
1 2 718
1 3 661
1 4 524
2 3 551
2 4 617
3 4 373
1 2 915
1 3 603
1 4 386
2 3 644
2 4 897
3 4 203
1 2 538
1 3 422
1 4 680
2 3 116
2 4 753
3 4 101
1 2 799
1 3 943
1 4 121
2 3 295
2 4 179
3 4 370
1 2 759
1 3 515
1 4 635
2 3 93
2 4 243
3 4 755
1 2 348
1 3 440
1 4 250
2 3 423
2 4 271
3 4 7
1 2 791
1 3 1000
1 4 532
2 3 417
2 4 753
3 4 961
1 2 36
1 3 887
1 4 412
2 3 106
2 4 933
3 4 104
1 2 702
1 3 205
1 4 369
2 3 207
2 4 409
3 4 325
1 2 957
1 3 741
1 4 340
2 3 919
2 4 37
3 4 871
1 2 727
1 3 46
1 4 14
2 3 721
2 4 632
3 4 499
1 2 870
1 3 721
1 4 702
2 3 190
2 4 841
3 4 689
1 2 608
1 3 844
1 4 776
2 3 200
2 4 791
3 4 129
1 2 460
1 3 522
1 4 657
2 3 599
2 4 79
3 4 16
1 2 43
1 3 677
1 4 96
2 3 265
2 4 666
3 4 466
1 2 798
1 3 748
1 4 261
2 3 311
2 4 792
3 4 930
1 2 37
1 3 215
1 4 59
2 3 137
2 4 732
3 4 195
1 2 527
1 3 792
1 4 278
2 3 873
2 4 980
3 4 124
1 2 226
1 3 58
1 4 86
2 3 295
2 4 142
3 4 974
1 2 654
1 3 433
1 4 91
2 3 875
2 4 25
3 4 684
1 2 318
1 3 887
1 4 457
2 3 613
2 4 104
3 4 890
1 2 275
1 3 10
1 4 356
2 3 784
2 4 371
3 4 935
1 2 259
1 3 1
1 4 194
2 3 124
2 4 56
3 4 939
1 2 616
1 3 277
1 4 529
2 3 775
2 4 852
3 4 571
1 2 678
1 3 244
1 4 237
2 3 593
2 4 86
3 4 165
1 2 272
1 3 472
1 4 240
2 3 591
2 4 343
3 4 870
1 2 25
1 3 292
1 4 52
2 3 382
2 4 747
3 4 542
1 2 120
1 3 637
1 4 460
2 3 934
2 4 654
3 4 16
1 2 131
1 3 320
1 4 755
2 3 920
2 4 519
3 4 70
1 2 456
1 3 941
1 4 496
2 3 234
2 4 33
3 4 150
1 2 618
1 3 525
1 4 762
2 3 712
2 4 423
3 4 494
1 2 267
1 3 40
1 4 330
2 3 710
2 4 12
3 4 670
1 2 523
1 3 126
1 4 600
2 3 11
2 4 82
3 4 869
1 2 393
1 3 224
1 4 809
2 3 443
2 4 442
3 4 801
1 2 923
1 3 153
1 4 511
2 3 827
2 4 462
3 4 368
1 2 403
1 3 272
1 4 27
2 3 855
2 4 380
3 4 521
1 2 666
1 3 465
1 4 506
2 3 855
2 4 983
3 4 943
1 2 619
1 3 507
1 4 606
2 3 320
2 4 832
3 4 54
1 2 610
1 3 821
1 4 381
2 3 586
2 4 729
3 4 444
1 2 644
1 3 767
1 4 608
2 3 509
2 4 202
3 4 166
1 2 36
1 3 855
1 4 352
2 3 954
2 4 852
3 4 924
1 2 828
1 3 704
1 4 413
2 3 862
2 4 540
3 4 53
1 2 217
1 3 699
1 4 167
2 3 232
2 4 197
3 4 418
1 2 61
1 3 828
1 4 873
2 3 988
2 4 86
3 4 382
1 2 327
1 3 726
1 4 584
2 3 554
2 4 416
3 4 52
1 2 605
1 3 394
1 4 501
2 3 195
2 4 409
3 4 252
1 2 912
1 3 68
1 4 336
2 3 397
2 4 469
3 4 315
1 2 545
1 3 643
1 4 770
2 3 119
2 4 106
3 4 585
1 2 421
1 3 812
1 4 697
2 3 151
2 4 531
3 4 178
1 2 720
1 3 786
1 4 246
2 3 301
2 4 582
3 4 877
1 2 201
1 3 111
1 4 972
2 3 252
2 4 367
3 4 526
1 2 925
1 3 32
1 4 493
2 3 982
2 4 111
3 4 860
1 2 869
1 3 615
1 4 261
2 3 361
2 4 40
3 4 828
1 2 450
1 3 204
1 4 96
2 3 125
2 4 749
3 4 327
1 2 695
1 3 818
1 4 12
2 3 567
2 4 343
3 4 769
1 2 877
1 3 697
1 4 36
2 3 608
2 4 70
3 4 313
1 2 609
1 3 528
1 4 256
2 3 693
2 4 616
3 4 11
1 2 246
1 3 520
1 4 140
2 3 728
2 4 83
3 4 844
1 2 886
1 3 253
1 4 928
2 3 496
2 4 584
3 4 469
1 2 745
1 3 732
1 4 606
2 3 603
2 4 421
3 4 70
1 2 99
1 3 395
1 4 67
2 3 254
2 4 510
3 4 432
1 2 979
1 3 193
1 4 361
2 3 881
2 4 622
3 4 282
1 2 143
1 3 431
1 4 119
2 3 26
2 4 118
3 4 746
1 2 734
1 3 591
1 4 29
2 3 198
2 4 864
3 4 846
1 2 894
1 3 182
1 4 99
2 3 43
2 4 1
3 4 267
1 2 562
1 3 316
1 4 190
2 3 403
2 4 675
3 4 121
1 2 4
1 3 491
1 4 638
2 3 847
2 4 80
3 4 602
1 2 638
1 3 272
1 4 864
2 3 193
2 4 801
3 4 56
1 2 385
1 3 628
1 4 924
2 3 1
2 4 111
3 4 652
1 2 456
1 3 74
1 4 99
2 3 810
2 4 327
3 4 946
1 2 112
1 3 414
1 4 881
2 3 802
2 4 870
3 4 582
1 2 391
1 3 327
1 4 643
2 3 76
2 4 860
3 4 937
1 2 586
1 3 35
1 4 998
2 3 27
2 4 506
3 4 941
1 2 404
1 3 655
1 4 679
2 3 83
2 4 395
3 4 497
1 2 350
1 3 93
1 4 540
2 3 998
2 4 792
3 4 191
1 2 235
1 3 732
1 4 67
2 3 154
2 4 472
3 4 247
1 2 724
1 3 225
1 4 913
2 3 366
2 4 926
3 4 429
1 2 87
1 3 550
1 4 221
2 3 263
2 4 111
3 4 673
1 2 955
1 3 278
1 4 322
2 3 722
2 4 504
3 4 57
1 2 52
1 3 326
1 4 435
2 3 65
2 4 685
3 4 420
1 2 411
1 3 715
1 4 136
2 3 717
2 4 107
3 4 955
1 2 390
1 3 393
1 4 555
2 3 264
2 4 801
3 4 171
1 2 284
1 3 444
1 4 371
2 3 749
2 4 613
3 4 826
1 2 315
1 3 706
1 4 125
2 3 457
2 4 193
3 4 819
1 2 798
1 3 698
1 4 355
2 3 211
2 4 515
3 4 744
1 2 578
1 3 750
1 4 185
2 3 173
2 4 139
3 4 52
1 2 574
1 3 406
1 4 473
2 3 957
2 4 80
3 4 44
1 2 994
1 3 109
1 4 575
2 3 206
2 4 896
3 4 935
1 2 765
1 3 223
1 4 85
2 3 806
2 4 442
3 4 408
1 2 210
1 3 291
1 4 940
2 3 549
2 4 685
3 4 133
1 2 104
1 3 640
1 4 377
2 3 539
2 4 941
3 4 759
1 2 979
1 3 821
1 4 256
2 3 92
2 4 587
3 4 196
1 2 652
1 3 639
1 4 772
2 3 606
2 4 856
3 4 901
1 2 576
1 3 370
1 4 869
2 3 475
2 4 354
3 4 52
1 2 751
1 3 36
1 4 782
2 3 744
2 4 216
3 4 761
1 2 663
1 3 692
1 4 598
2 3 793
2 4 91
3 4 752
1 2 887
1 3 675
1 4 851
2 3 821
2 4 361
3 4 803
1 2 305
1 3 451
1 4 993
2 3 930
2 4 923
3 4 385
1 2 639
1 3 378
1 4 244
2 3 901
2 4 616
3 4 14
1 2 296
1 3 944
1 4 715
2 3 752
2 4 568
3 4 569
1 2 735
1 3 328
1 4 124
2 3 389
2 4 220
3 4 428
1 2 584
1 3 97
1 4 497
2 3 153
2 4 454
3 4 311
1 2 776
1 3 769
1 4 486
2 3 310
2 4 792
3 4 328
1 2 510
1 3 724
1 4 764
2 3 250
2 4 713
3 4 639
1 2 65
1 3 453
1 4 293
2 3 296
2 4 130
3 4 634
1 2 296
1 3 882
1 4 209
2 3 541
2 4 921
3 4 753
1 2 998
1 3 572
1 4 108
2 3 68
2 4 348
3 4 122
1 2 393
1 3 75
1 4 751
2 3 44
2 4 775
3 4 630
1 2 808
1 3 824
1 4 942
2 3 677
2 4 797
3 4 503
1 2 326
1 3 591
1 4 724
2 3 901
2 4 826
3 4 720
1 2 186
1 3 1
1 4 238
2 3 521
2 4 669
3 4 973
1 2 759
1 3 133
1 4 108
2 3 148
2 4 10
3 4 425
1 2 317
1 3 39
1 4 433
2 3 714
2 4 194
3 4 257
1 2 33
1 3 869
1 4 305
2 3 698
2 4 261
3 4 418
1 2 471
1 3 735
1 4 58
2 3 290
2 4 732
3 4 398
1 2 164
1 3 496
1 4 154
2 3 641
2 4 641
3 4 833
1 2 230
1 3 112
1 4 817
2 3 272
2 4 859
3 4 879
1 2 342
1 3 520
1 4 919
2 3 337
2 4 552
3 4 14
1 2 425
1 3 395
1 4 174
2 3 998
2 4 949
3 4 869
1 2 389
1 3 20
1 4 973
2 3 418
2 4 644
3 4 301
1 2 904
1 3 515
1 4 310
2 3 441
2 4 630
3 4 221
1 2 239
1 3 538
1 4 403
2 3 210
2 4 732
3 4 134
1 2 775
1 3 196
1 4 14
2 3 582
2 4 967
3 4 862
1 2 5
1 3 352
1 4 329
2 3 83
2 4 594
3 4 448
1 2 42
1 3 449
1 4 317
2 3 905
2 4 108
3 4 309
1 2 660
1 3 659
1 4 212
2 3 578
2 4 290
3 4 275
1 2 302
1 3 842
1 4 86
2 3 513
2 4 997
3 4 932
1 2 93
1 3 79
1 4 503
2 3 819
2 4 455
3 4 868
1 2 103
1 3 601
1 4 859
2 3 941
2 4 19
3 4 898
1 2 3
1 3 155
1 4 62
2 3 1000
2 4 872
3 4 999
1 2 565
1 3 172
1 4 655
2 3 745
2 4 679
3 4 738
1 2 633
1 3 878
1 4 126
2 3 514
2 4 413
3 4 771
1 2 591
1 3 380
1 4 498
2 3 486
2 4 735
3 4 15
1 2 540
1 3 389
1 4 79
2 3 336
2 4 899
3 4 260
1 2 647
1 3 297
1 4 38
2 3 485
2 4 659
3 4 642
1 2 452
1 3 214
1 4 729
2 3 925
2 4 457
3 4 626
1 2 640
1 3 208
1 4 87
2 3 175
2 4 534
3 4 131
1 2 312
1 3 44
1 4 389
2 3 887
2 4 992
3 4 821
1 2 904
1 3 405
1 4 385
2 3 258
2 4 227
3 4 489
1 2 138
1 3 114
1 4 117
2 3 743
2 4 448
3 4 559
1 2 9
1 3 904
1 4 214
2 3 567
2 4 155
3 4 669
1 2 923
1 3 361
1 4 699
2 3 814
2 4 674
3 4 3
1 2 412
1 3 932
1 4 325
2 3 760
2 4 659
3 4 701
1 2 302
1 3 277
1 4 845
2 3 836
2 4 573
3 4 516
1 2 494
1 3 706
1 4 37
2 3 500
2 4 727
3 4 438
1 2 571
1 3 107
1 4 973
2 3 232
2 4 293
3 4 118
1 2 918
1 3 405
1 4 396
2 3 856
2 4 959
3 4 432
1 2 607
1 3 526
1 4 585
2 3 363
2 4 683
3 4 311
1 2 531
1 3 728
1 4 651
2 3 528
2 4 232
3 4 623
1 2 766
1 3 762
1 4 918
2 3 91
2 4 249
3 4 149
1 2 887
1 3 878
1 4 470
2 3 95
2 4 395
3 4 554
1 2 572
1 3 629
1 4 847
2 3 369
2 4 563
3 4 911
1 2 293
1 3 433
1 4 639
2 3 285
2 4 19
3 4 974
1 2 388
1 3 973
1 4 958
2 3 792
2 4 376
3 4 402
1 2 190
1 3 8
1 4 420
2 3 920
2 4 208
3 4 490
1 2 23
1 3 380
1 4 862
2 3 507
2 4 80
3 4 483
1 2 626
1 3 127
1 4 606
2 3 339
2 4 435
3 4 178
1 2 244
1 3 948
1 4 188
2 3 470
2 4 985
3 4 174
1 2 794
1 3 69
1 4 789
2 3 762
2 4 582
3 4 199
1 2 266
1 3 759
1 4 60
2 3 990
2 4 528
3 4 90
1 2 780
1 3 878
1 4 516
2 3 879
2 4 858
3 4 273
1 2 276
1 3 15
1 4 708
2 3 487
2 4 602
3 4 411
1 2 498
1 3 451
1 4 210
2 3 314
2 4 382
3 4 486
1 2 723
1 3 560
1 4 654
2 3 959
2 4 275
3 4 148
1 2 333
1 3 168
1 4 668
2 3 250
2 4 373
3 4 480
1 2 178
1 3 34
1 4 108
2 3 993
2 4 242
3 4 100
1 2 734
1 3 201
1 4 189
2 3 390
2 4 165
3 4 160
1 2 680
1 3 767
1 4 456
2 3 530
2 4 932
3 4 748
1 2 286
1 3 625
1 4 362
2 3 786
2 4 187
3 4 17
1 2 176
1 3 943
1 4 163
2 3 693
2 4 201
3 4 176
1 2 957
1 3 854
1 4 544
2 3 292
2 4 588
3 4 252
1 2 464
1 3 371
1 4 316
2 3 39
2 4 389
3 4 561
1 2 314
1 3 479
1 4 270
2 3 133
2 4 698
3 4 150
1 2 886
1 3 369
1 4 382
2 3 11
2 4 257
3 4 269
1 2 654
1 3 794
1 4 754
2 3 199
2 4 545
3 4 957
1 2 859
1 3 897
1 4 104
2 3 289
2 4 306
3 4 31
1 2 207
1 3 701
1 4 250
2 3 289
2 4 290
3 4 496
1 2 511
1 3 35
1 4 508
2 3 388
2 4 694
3 4 911
1 2 45
1 3 802
1 4 155
2 3 569
2 4 919
3 4 833
1 2 283
1 3 490
1 4 500
2 3 353
2 4 719
3 4 751
1 2 704
1 3 727
1 4 48
2 3 446
2 4 110
3 4 48
1 2 867
1 3 944
1 4 422
2 3 463
2 4 55
3 4 695
1 2 777
1 3 626
1 4 406
2 3 982
2 4 657
3 4 221
1 2 110
1 3 657
1 4 666
2 3 982
2 4 978
3 4 839
1 2 827
1 3 735
1 4 634
2 3 411
2 4 502
3 4 240
1 2 208
1 3 730
1 4 964
2 3 197
2 4 262
3 4 109
1 2 589
1 3 426
1 4 154
2 3 357
2 4 257
3 4 67
1 2 463
1 3 421
1 4 826
2 3 115
2 4 671
3 4 802
1 2 587
1 3 250
1 4 909
2 3 674
2 4 343
3 4 362
1 2 623
1 3 118
1 4 725
2 3 380
2 4 378
3 4 303
1 2 757
1 3 665
1 4 679
2 3 18
2 4 466
3 4 955
1 2 865
1 3 303
1 4 226
2 3 293
2 4 824
3 4 132
1 2 424
1 3 46
1 4 96
2 3 610
2 4 339
3 4 66
1 2 685
1 3 118
1 4 418
2 3 666
2 4 712
3 4 993
1 2 244
1 3 426
1 4 770
2 3 490
2 4 266
3 4 115
1 2 355
1 3 846
1 4 849
2 3 695
2 4 260
3 4 945
1 2 805
1 3 851
1 4 219
2 3 881
2 4 241
3 4 100
1 2 804
1 3 554
1 4 932
2 3 218
2 4 431
3 4 380
1 2 765
1 3 693
1 4 3
2 3 662
2 4 669
3 4 827
1 2 281
1 3 198
1 4 314
2 3 396
2 4 741
3 4 856
1 2 868
1 3 573
1 4 285
2 3 316
2 4 119
3 4 403
1 2 699
1 3 170
1 4 877
2 3 372
2 4 394
3 4 915
1 2 827
1 3 801
1 4 290
2 3 517
2 4 397
3 4 534
1 2 116
1 3 735
1 4 898
2 3 912
2 4 979
3 4 452
1 2 159
1 3 11
1 4 852
2 3 286
2 4 731
3 4 395
1 2 508
1 3 156
1 4 815
2 3 921
2 4 367
3 4 481
1 2 919
1 3 728
1 4 891
2 3 664
2 4 196
3 4 770
1 2 347
1 3 527
1 4 832
2 3 971
2 4 397
3 4 147
1 2 530
1 3 607
1 4 377
2 3 989
2 4 195
3 4 157
1 2 509
1 3 468
1 4 687
2 3 529
2 4 131
3 4 855
1 2 917
1 3 167
1 4 23
2 3 834
2 4 602
3 4 33
1 2 3
1 3 471
1 4 296
2 3 262
2 4 161
3 4 902
1 2 456
1 3 755
1 4 545
2 3 829
2 4 923
3 4 599
1 2 605
1 3 34
1 4 703
2 3 445
2 4 539
3 4 749
1 2 888
1 3 575
1 4 233
2 3 247
2 4 701
3 4 114
1 2 893
1 3 111
1 4 319
2 3 860
2 4 555
3 4 516
1 2 809
1 3 829
1 4 527
2 3 689
2 4 320
3 4 844
1 2 819
1 3 129
1 4 399
2 3 760
2 4 595
3 4 691
1 2 543
1 3 497
1 4 896
2 3 771
2 4 571
3 4 309
1 2 899
1 3 918
1 4 185
2 3 334
2 4 802
3 4 89
1 2 558
1 3 910
1 4 159
2 3 182
2 4 358
3 4 113
1 2 950
1 3 224
1 4 864
2 3 365
2 4 456
3 4 537
1 2 702
1 3 246
1 4 442
2 3 648
2 4 48
3 4 916
1 2 275
1 3 560
1 4 769
2 3 467
2 4 112
3 4 79
1 2 234
1 3 898
1 4 603
2 3 850
2 4 859
3 4 431
1 2 609
1 3 205
1 4 668
2 3 79
2 4 894
3 4 633
1 2 713
1 3 640
1 4 947
2 3 813
2 4 830
3 4 586
1 2 303
1 3 406
1 4 884
2 3 18
2 4 920
3 4 636
1 2 838
1 3 44
1 4 207
2 3 118
2 4 55
3 4 567
1 2 449
1 3 96
1 4 431
2 3 25
2 4 42
3 4 354
1 2 123
1 3 746
1 4 942
2 3 739
2 4 603
3 4 117
1 2 727
1 3 995
1 4 787
2 3 465
2 4 222
3 4 346
1 2 804
1 3 532
1 4 358
2 3 96
2 4 478
3 4 682
1 2 345
1 3 694
1 4 548
2 3 637
2 4 208
3 4 515
1 2 619
1 3 116
1 4 240
2 3 18
2 4 723
3 4 542
1 2 976
1 3 868
1 4 840
2 3 150
2 4 171
3 4 300
1 2 442
1 3 867
1 4 535
2 3 838
2 4 196
3 4 446
1 2 336
1 3 726
1 4 351
2 3 261
2 4 749
3 4 645
1 2 258
1 3 475
1 4 489
2 3 912
2 4 339
3 4 1000
1 2 858
1 3 196
1 4 950
2 3 713
2 4 403
3 4 812
1 2 702
1 3 956
1 4 951
2 3 959
2 4 827
3 4 212
1 2 897
1 3 985
1 4 178
2 3 234
2 4 546
3 4 463
1 2 381
1 3 792
1 4 987
2 3 155
2 4 842
3 4 203
1 2 732
1 3 361
1 4 58
2 3 141
2 4 885
3 4 930
1 2 22
1 3 519
1 4 289
2 3 961
2 4 373
3 4 348
1 2 153
1 3 506
1 4 148
2 3 103
2 4 758
3 4 26
1 2 285
1 3 36
1 4 612
2 3 946
2 4 997
3 4 316
1 2 694
1 3 564
1 4 278
2 3 573
2 4 463
3 4 347
1 2 35
1 3 767
1 4 452
2 3 459
2 4 250
3 4 605
1 2 354
1 3 597
1 4 81
2 3 694
2 4 658
3 4 868
1 2 917
1 3 255
1 4 870
2 3 671
2 4 684
3 4 848
1 2 310
1 3 503
1 4 986
2 3 144
2 4 250
3 4 338
1 2 883
1 3 512
1 4 183
2 3 867
2 4 850
3 4 678
1 2 741
1 3 2
1 4 196
2 3 362
2 4 59
3 4 921
1 2 346
1 3 262
1 4 633
2 3 633
2 4 586
3 4 69
1 2 514
1 3 957
1 4 52
2 3 918
2 4 828
3 4 754
1 2 624
1 3 839
1 4 117
2 3 40
2 4 108
3 4 288
1 2 704
1 3 629
1 4 193
2 3 80
2 4 94
3 4 819
1 2 850
1 3 842
1 4 422
2 3 519
2 4 658
3 4 260
1 2 928
1 3 335
1 4 756
2 3 43
2 4 482
3 4 669
1 2 522
1 3 351
1 4 22
2 3 966
2 4 100
3 4 791
1 2 294
1 3 758
1 4 728
2 3 825
2 4 499
3 4 435
1 2 428
1 3 791
1 4 58
2 3 895
2 4 1000
3 4 287
1 2 101
1 3 979
1 4 836
2 3 233
2 4 887
3 4 109
1 2 973
1 3 234
1 4 427
2 3 663
2 4 904
3 4 139
1 2 116
1 3 695
1 4 804
2 3 367
2 4 569
3 4 144
1 2 498
1 3 408
1 4 411
2 3 633
2 4 507
3 4 292
1 2 291
1 3 358
1 4 567
2 3 823
2 4 200
3 4 467
1 2 900
1 3 878
1 4 486
2 3 627
2 4 867
3 4 919
1 2 477
1 3 88
1 4 672
2 3 483
2 4 2
3 4 905
1 2 886
1 3 433
1 4 800
2 3 50
2 4 966
3 4 739
1 2 747
1 3 623
1 4 74
2 3 291
2 4 92
3 4 151
1 2 86
1 3 835
1 4 45
2 3 437
2 4 775
3 4 412
1 2 407
1 3 241
1 4 575
2 3 458
2 4 956
3 4 515
1 2 328
1 3 965
1 4 332
2 3 106
2 4 548
3 4 563
1 2 536
1 3 206
1 4 694
2 3 734
2 4 40
3 4 67
1 2 23
1 3 14
1 4 375
2 3 147
2 4 135
3 4 304
1 2 78
1 3 591
1 4 210
2 3 274
2 4 877
3 4 219
1 2 261
1 3 514
1 4 852
2 3 189
2 4 301
3 4 246
1 2 224
1 3 717
1 4 122
2 3 611
2 4 22
3 4 333
1 2 422
1 3 509
1 4 905
2 3 510
2 4 985
3 4 249
1 2 822
1 3 139
1 4 839
2 3 554
2 4 501
3 4 244
1 2 799
1 3 961
1 4 772
2 3 839
2 4 716
3 4 624
1 2 666
1 3 551
1 4 373
2 3 156
2 4 375
3 4 467
1 2 222
1 3 582
1 4 821
2 3 965
2 4 5
3 4 897
1 2 99
1 3 146
1 4 214
2 3 515
2 4 953
3 4 485
1 2 440
1 3 194
1 4 786
2 3 846
2 4 998
3 4 423
1 2 64
1 3 516
1 4 13
2 3 148
2 4 303
3 4 427
1 2 790
1 3 167
1 4 142
2 3 648
2 4 963
3 4 436
1 2 367
1 3 307
1 4 731
2 3 47
2 4 310
3 4 535
1 2 505
1 3 820
1 4 967
2 3 869
2 4 668
3 4 694
1 2 938
1 3 333
1 4 451
2 3 453
2 4 692
3 4 769
1 2 405
1 3 174
1 4 130
2 3 183
2 4 169
3 4 133
1 2 775
1 3 552
1 4 851
2 3 838
2 4 978
3 4 294
1 2 16
1 3 273
1 4 700
2 3 33
2 4 480
3 4 99
1 2 397
1 3 76
1 4 403
2 3 534
2 4 829
3 4 41
1 2 885
1 3 742
1 4 902
2 3 796
2 4 259
3 4 582
1 2 117
1 3 256
1 4 146
2 3 471
2 4 493
3 4 325
1 2 817
1 3 598
1 4 758
2 3 251
2 4 238
3 4 435
1 2 830
1 3 779
1 4 546
2 3 920
2 4 393
3 4 470
1 2 511
1 3 240
1 4 511
2 3 618
2 4 189
3 4 984
1 2 722
1 3 255
1 4 293
2 3 741
2 4 200
3 4 272
1 2 493
1 3 113
1 4 667
2 3 22
2 4 265
3 4 402
1 2 726
1 3 158
1 4 375
2 3 395
2 4 261
3 4 972
1 2 295
1 3 141
1 4 570
2 3 430
2 4 605
3 4 160
1 2 24
1 3 982
1 4 380
2 3 729
2 4 251
3 4 156
1 2 326
1 3 510
1 4 26
2 3 789
2 4 754
3 4 102
1 2 374
1 3 105
1 4 110
2 3 994
2 4 351
3 4 870
1 2 245
1 3 920
1 4 829
2 3 494
2 4 530
3 4 485
1 2 271
1 3 855
1 4 571
2 3 904
2 4 858
3 4 984
1 2 551
1 3 393
1 4 417
2 3 887
2 4 375
3 4 700
1 2 631
1 3 112
1 4 278
2 3 245
2 4 796
3 4 98
1 2 563
1 3 953
1 4 353
2 3 457
2 4 661
3 4 749
1 2 11
1 3 222
1 4 394
2 3 941
2 4 901
3 4 139
1 2 819
1 3 711
1 4 308
2 3 423
2 4 687
3 4 956
1 2 627
1 3 537
1 4 540
2 3 93
2 4 900
3 4 967
1 2 361
1 3 508
1 4 489
2 3 893
2 4 338
3 4 68
1 2 739
1 3 266
1 4 960
2 3 634
2 4 350
3 4 577
1 2 296
1 3 754
1 4 936
2 3 764
2 4 410
3 4 976
1 2 51
1 3 645
1 4 800
2 3 520
2 4 214
3 4 509
1 2 354
1 3 967
1 4 585
2 3 642
2 4 81
3 4 406
1 2 598
1 3 827
1 4 508
2 3 514
2 4 928
3 4 531
1 2 847
1 3 176
1 4 862
2 3 766
2 4 868
3 4 130
1 2 67
1 3 464
1 4 7
2 3 754
2 4 178
3 4 666
1 2 275
1 3 258
1 4 859
2 3 630
2 4 406
3 4 28
1 2 814
1 3 737
1 4 66
2 3 274
2 4 929
3 4 199
1 2 926
1 3 911
1 4 960
2 3 709
2 4 699
3 4 714
1 2 58
1 3 916
1 4 499
2 3 504
2 4 608
3 4 737
1 2 916
1 3 926
1 4 634
2 3 377
2 4 773
3 4 203
1 2 818
1 3 658
1 4 20
2 3 181
2 4 899
3 4 978
1 2 962
1 3 238
1 4 926
2 3 241
2 4 951
3 4 690
1 2 36
1 3 212
1 4 314
2 3 193
2 4 280
3 4 545
1 2 223
1 3 558
1 4 971
2 3 533
2 4 307
3 4 48
1 2 441
1 3 360
1 4 206
2 3 574
2 4 658
3 4 738
1 2 649
1 3 560
1 4 73
2 3 550
2 4 859
3 4 537
1 2 666
1 3 776
1 4 429
2 3 787
2 4 606
3 4 639
1 2 342
1 3 57
1 4 72
2 3 723
2 4 984
3 4 481
1 2 643
1 3 936
1 4 389
2 3 585
2 4 911
3 4 179
1 2 153
1 3 441
1 4 924
2 3 897
2 4 17
3 4 300
1 2 48
1 3 228
1 4 435
2 3 384
2 4 890
3 4 495
1 2 610
1 3 660
1 4 117
2 3 105
2 4 136
3 4 721
1 2 925
1 3 517
1 4 33
2 3 195
2 4 785
3 4 734
1 2 300
1 3 313
1 4 109
2 3 503
2 4 433
3 4 433
1 2 836
1 3 746
1 4 426
2 3 374
2 4 816
3 4 436
1 2 704
1 3 665
1 4 953
2 3 959
2 4 459
3 4 859
1 2 526
1 3 929
1 4 852
2 3 852
2 4 596
3 4 154
1 2 30
1 3 811
1 4 386
2 3 814
2 4 823
3 4 451
1 2 610
1 3 512
1 4 275
2 3 756
2 4 404
3 4 180
1 2 429
1 3 608
1 4 571
2 3 924
2 4 12
3 4 989
1 2 286
1 3 391
1 4 263
2 3 82
2 4 3
3 4 868
1 2 525
1 3 784
1 4 196
2 3 733
2 4 792
3 4 131
1 2 634
1 3 160
1 4 723
2 3 662
2 4 440
3 4 49
1 2 207
1 3 75
1 4 244
2 3 136
2 4 262
3 4 530
1 2 633
1 3 154
1 4 555
2 3 555
2 4 645
3 4 5
1 2 414
1 3 316
1 4 648
2 3 865
2 4 553
3 4 280
1 2 804
1 3 131
1 4 681
2 3 597
2 4 445
3 4 829
1 2 191
1 3 145
1 4 955
2 3 478
2 4 110
3 4 82
1 2 670
1 3 857
1 4 298
2 3 130
2 4 192
3 4 872
1 2 843
1 3 511
1 4 904
2 3 901
2 4 469
3 4 80
1 2 938
1 3 322
1 4 719
2 3 471
2 4 273
3 4 869
1 2 751
1 3 140
1 4 583
2 3 604
2 4 906
3 4 674
1 2 990
1 3 933
1 4 148
2 3 716
2 4 755
3 4 748
1 2 154
1 3 756
1 4 758
2 3 124
2 4 768
3 4 259
1 2 392
1 3 938
1 4 137
2 3 229
2 4 530
3 4 17
1 2 97
1 3 497
1 4 302
2 3 315
2 4 914
3 4 454
1 2 841
1 3 620
1 4 25
2 3 303
2 4 326
3 4 826
1 2 414
1 3 563
1 4 342
2 3 268
2 4 3
3 4 284
1 2 122
1 3 958
1 4 926
2 3 920
2 4 947
3 4 322
1 2 434
1 3 427
1 4 718
2 3 421
2 4 960
3 4 205
1 2 781
1 3 666
1 4 810
2 3 944
2 4 914
3 4 486
1 2 652
1 3 477
1 4 337
2 3 443
2 4 707
3 4 204
1 2 56
1 3 621
1 4 268
2 3 298
2 4 744
3 4 487
1 2 436
1 3 186
1 4 391
2 3 481
2 4 454
3 4 299
1 2 87
1 3 475
1 4 33
2 3 234
2 4 900
3 4 802
1 2 421
1 3 919
1 4 67
2 3 643
2 4 878
3 4 129
1 2 51
1 3 516
1 4 138
2 3 535
2 4 219
3 4 5
1 2 517
1 3 248
1 4 268
2 3 967
2 4 51
3 4 851
1 2 371
1 3 161
1 4 270
2 3 206
2 4 234
3 4 687
1 2 299
1 3 795
1 4 8
2 3 710
2 4 255
3 4 832
1 2 919
1 3 33
1 4 694
2 3 849
2 4 858
3 4 170
1 2 61
1 3 419
1 4 172
2 3 270
2 4 433
3 4 105
1 2 790
1 3 672
1 4 46
2 3 184
2 4 530
3 4 711
1 2 833
1 3 228
1 4 314
2 3 772
2 4 641
3 4 777
1 2 283
1 3 976
1 4 975
2 3 757
2 4 155
3 4 445
1 2 816
1 3 172
1 4 323
2 3 925
2 4 63
3 4 418
1 2 272
1 3 230
1 4 365
2 3 620
2 4 271
3 4 936
1 2 517
1 3 614
1 4 361
2 3 912
2 4 292
3 4 10
1 2 508
1 3 101
1 4 779
2 3 183
2 4 961
3 4 901
1 2 170
1 3 734
1 4 565
2 3 834
2 4 684
3 4 602
1 2 927
1 3 887
1 4 618
2 3 243
2 4 111
3 4 925
1 2 699
1 3 861
1 4 77
2 3 366
2 4 596
3 4 696
1 2 645
1 3 528
1 4 95
2 3 297
2 4 203
3 4 426
1 2 576
1 3 907
1 4 407
2 3 228
2 4 772
3 4 450
1 2 455
1 3 24
1 4 218
2 3 818
2 4 472
3 4 682
1 2 332
1 3 336
1 4 277
2 3 343
2 4 670
3 4 940
1 2 932
1 3 351
1 4 38
2 3 601
2 4 517
3 4 63
1 2 742
1 3 482
1 4 411
2 3 629
2 4 926
3 4 707
1 2 862
1 3 107
1 4 809
2 3 566
2 4 650
3 4 251
1 2 934
1 3 500
1 4 68
2 3 199
2 4 729
3 4 870
1 2 770
1 3 887
1 4 192
2 3 798
2 4 800
3 4 814
1 2 866
1 3 869
1 4 994
2 3 878
2 4 75
3 4 246
1 2 86
1 3 410
1 4 364
2 3 535
2 4 549
3 4 584
1 2 845
1 3 267
1 4 257
2 3 813
2 4 847
3 4 262
1 2 198
1 3 30
1 4 759
2 3 880
2 4 806
3 4 439
1 2 832
1 3 304
1 4 238
2 3 509
2 4 674
3 4 388
1 2 905
1 3 37
1 4 880
2 3 38
2 4 29
3 4 706
1 2 586
1 3 928
1 4 540
2 3 490
2 4 263
3 4 116
1 2 31
1 3 582
1 4 277
2 3 887
2 4 171
3 4 727
1 2 534
1 3 541
1 4 10
2 3 735
2 4 53
3 4 34
1 2 297
1 3 706
1 4 517
2 3 169
2 4 94
3 4 822
1 2 171
1 3 119
1 4 142
2 3 970
2 4 567
3 4 853
1 2 474
1 3 853
1 4 184
2 3 189
2 4 403
3 4 843
1 2 214
1 3 806
1 4 270
2 3 243
2 4 408
3 4 836
1 2 760
1 3 257
1 4 841
2 3 178
2 4 702
3 4 298
1 2 204
1 3 737
1 4 841
2 3 507
2 4 342
3 4 998
1 2 629
1 3 353
1 4 192
2 3 960
2 4 78
3 4 741
1 2 47
1 3 280
1 4 333
2 3 64
2 4 502
3 4 560
1 2 272
1 3 933
1 4 603
2 3 294
2 4 259
3 4 637
1 2 111
1 3 458
1 4 33
2 3 699
2 4 81
3 4 318
1 2 426
1 3 911
1 4 520
2 3 766
2 4 831
3 4 297
1 2 157
1 3 435
1 4 363
2 3 853
2 4 233
3 4 490
1 2 64
1 3 895
1 4 501
2 3 821
2 4 615
3 4 893
1 2 403
1 3 807
1 4 474
2 3 752
2 4 882
3 4 109
1 2 162
1 3 516
1 4 516
2 3 659
2 4 146
3 4 733
1 2 976
1 3 614
1 4 576
2 3 630
2 4 353
3 4 179
1 2 63
1 3 721
1 4 921
2 3 843
2 4 749
3 4 899
1 2 701
1 3 230
1 4 606
2 3 113
2 4 132
3 4 707
1 2 657
1 3 73
1 4 49
2 3 140
2 4 652
3 4 614
1 2 669
1 3 442
1 4 430
2 3 156
2 4 495
3 4 588
1 2 109
1 3 822
1 4 18
2 3 222
2 4 9
3 4 29
1 2 112
1 3 798
1 4 707
2 3 909
2 4 492
3 4 507
1 2 889
1 3 703
1 4 721
2 3 777
2 4 304
3 4 27
1 2 307
1 3 815
1 4 859
2 3 61
2 4 757
3 4 542
1 2 960
1 3 208
1 4 356
2 3 979
2 4 711
3 4 983
1 2 199
1 3 372
1 4 427
2 3 528
2 4 273
3 4 598
1 2 840
1 3 52
1 4 302
2 3 501
2 4 505
3 4 752
1 2 602
1 3 109
1 4 183
2 3 439
2 4 909
3 4 449
1 2 956
1 3 798
1 4 200
2 3 786
2 4 95
3 4 891
1 2 331
1 3 543
1 4 121
2 3 273
2 4 166
3 4 834
1 2 411
1 3 239
1 4 651
2 3 56
2 4 832
3 4 47
1 2 293
1 3 484
1 4 46
2 3 377
2 4 372
3 4 520
1 2 938
1 3 163
1 4 243
2 3 325
2 4 917
3 4 722
1 2 750
1 3 330
1 4 775
2 3 26
2 4 512
3 4 7
1 2 543
1 3 152
1 4 769
2 3 161
2 4 78
3 4 804
1 2 835
1 3 590
1 4 258
2 3 812
2 4 92
3 4 821
1 2 459
1 3 720
1 4 690
2 3 455
2 4 868
3 4 825
1 2 708
1 3 424
1 4 445
2 3 360
2 4 720
3 4 88
1 2 885
1 3 955
1 4 223
2 3 178
2 4 334
3 4 912
1 2 664
1 3 442
1 4 375
2 3 498
2 4 988
3 4 305
1 2 463
1 3 259
1 4 500
2 3 118
2 4 450
3 4 732
1 2 110
1 3 903
1 4 739
2 3 190
2 4 751
3 4 141
1 2 286
1 3 950
1 4 269
2 3 691
2 4 206
3 4 772
1 2 126
1 3 946
1 4 612
2 3 736
2 4 88
3 4 843
1 2 613
1 3 60
1 4 876
2 3 804
2 4 3
3 4 314
1 2 358
1 3 910
1 4 41
2 3 756
2 4 267
3 4 780
1 2 418
1 3 508
1 4 293
2 3 7
2 4 111
3 4 713
1 2 98
1 3 167
1 4 844
2 3 772
2 4 925
3 4 594
1 2 688
1 3 689
1 4 798
2 3 532
2 4 776
3 4 884
1 2 824
1 3 814
1 4 994
2 3 246
2 4 211
3 4 475
1 2 164
1 3 143
1 4 296
2 3 267
2 4 504
3 4 815
1 2 820
1 3 603
1 4 729
2 3 794
2 4 583
3 4 880
1 2 426
1 3 522
1 4 469
2 3 861
2 4 194
3 4 279
1 2 81
1 3 434
1 4 440
2 3 307
2 4 691
3 4 264
1 2 562
1 3 592
1 4 784
2 3 941
2 4 653
3 4 695
1 2 368
1 3 254
1 4 194
2 3 155
2 4 361
3 4 840
1 2 267
1 3 461
1 4 140
2 3 182
2 4 826
3 4 695
1 2 254
1 3 455
1 4 851
2 3 212
2 4 25
3 4 207
1 2 207
1 3 263
1 4 50
2 3 87
2 4 808
3 4 627
1 2 686
1 3 409
1 4 872
2 3 233
2 4 870
3 4 999
1 2 616
1 3 945
1 4 916
2 3 776
2 4 141
3 4 781
1 2 686
1 3 711
1 4 261
2 3 285
2 4 824
3 4 278
1 2 173
1 3 527
1 4 350
2 3 669
2 4 661
3 4 397
1 2 224
1 3 958
1 4 516
2 3 266
2 4 549
3 4 315
1 2 107
1 3 468
1 4 92
2 3 56
2 4 991
3 4 945
1 2 634
1 3 509
1 4 378
2 3 146
2 4 700
3 4 736
1 2 732
1 3 192
1 4 644
2 3 943
2 4 417
3 4 840
1 2 678
1 3 70
1 4 858
2 3 144
2 4 426
3 4 340
1 2 41
1 3 709
1 4 576
2 3 771
2 4 931
3 4 149
1 2 442
1 3 800
1 4 266
2 3 149
2 4 781
3 4 202
1 2 493
1 3 88
1 4 332
2 3 258
2 4 876
3 4 140
1 2 256
1 3 8
1 4 816
2 3 250
2 4 682
3 4 437
1 2 556
1 3 887
1 4 539
2 3 431
2 4 360
3 4 707
1 2 574
1 3 561
1 4 615
2 3 476
2 4 22
3 4 199
1 2 892
1 3 308
1 4 971
2 3 683
2 4 575
3 4 735
1 2 980
1 3 610
1 4 994
2 3 673
2 4 308
3 4 139
1 2 958
1 3 13
1 4 141
2 3 224
2 4 903
3 4 564
1 2 627
1 3 596
1 4 379
2 3 743
2 4 332
3 4 420
1 2 609
1 3 827
1 4 121
2 3 692
2 4 416
3 4 385
1 2 95
1 3 373
1 4 197
2 3 977
2 4 301
3 4 118
1 2 497
1 3 28
1 4 540
2 3 323
2 4 558
3 4 235
1 2 361
1 3 87
1 4 924
2 3 343
2 4 480
3 4 638
1 2 979
1 3 735
1 4 22
2 3 165
2 4 398
3 4 1000
1 2 332
1 3 382
1 4 845
2 3 101
2 4 965
3 4 64
1 2 707
1 3 185
1 4 138
2 3 646
2 4 830
3 4 844
1 2 844
1 3 645
1 4 485
2 3 955
2 4 657
3 4 550
1 2 297
1 3 593
1 4 696
2 3 222
2 4 895
3 4 223
1 2 379
1 3 573
1 4 666
2 3 839
2 4 120
3 4 946
1 2 62
1 3 788
1 4 801
2 3 978
2 4 551
3 4 947
1 2 648
1 3 567
1 4 429
2 3 602
2 4 323
3 4 252
1 2 782
1 3 544
1 4 584
2 3 738
2 4 451
3 4 574
1 2 417
1 3 15
1 4 623
2 3 870
2 4 359
3 4 997
1 2 522
1 3 82
1 4 461
2 3 2
2 4 204
3 4 20
1 2 509
1 3 971
1 4 806
2 3 836
2 4 573
3 4 256
1 2 538
1 3 315
1 4 315
2 3 333
2 4 431
3 4 246
1 2 620
1 3 731
1 4 206
2 3 816
2 4 27
3 4 519
1 2 229
1 3 915
1 4 533
2 3 524
2 4 421
3 4 82
1 2 313
1 3 422
1 4 670
2 3 741
2 4 865
3 4 727
1 2 662
1 3 828
1 4 688
2 3 875
2 4 968
3 4 640
1 2 90
1 3 580
1 4 721
2 3 847
2 4 508
3 4 965
1 2 5
1 3 437
1 4 950
2 3 218
2 4 489
3 4 71
1 2 239
1 3 876
1 4 210
2 3 931
2 4 86
3 4 336
1 2 75
1 3 353
1 4 241
2 3 658
2 4 940
3 4 646
1 2 914
1 3 705
1 4 442
2 3 353
2 4 184
3 4 714
1 2 373
1 3 860
1 4 618
2 3 235
2 4 46
3 4 833
1 2 393
1 3 641
1 4 180
2 3 263
2 4 859
3 4 799
1 2 810
1 3 755
1 4 160
2 3 130
2 4 921
3 4 167
1 2 330
1 3 842
1 4 207
2 3 409
2 4 693
3 4 838
1 2 510
1 3 783
1 4 351
2 3 397
2 4 745
3 4 619
1 2 297
1 3 918
1 4 656
2 3 428
2 4 776
3 4 893
1 2 439
1 3 297
1 4 258
2 3 858
2 4 312
3 4 953
1 2 812
1 3 243
1 4 45
2 3 847
2 4 826
3 4 920
1 2 920
1 3 814
1 4 371
2 3 396
2 4 507
3 4 690
1 2 508
1 3 687
1 4 128
2 3 329
2 4 398
3 4 313
1 2 893
1 3 122
1 4 601
2 3 620
2 4 123
3 4 422
1 2 933
1 3 524
1 4 597
2 3 806
2 4 681
3 4 988
1 2 153
1 3 570
1 4 548
2 3 124
2 4 470
3 4 992
1 2 897
1 3 939
1 4 810
2 3 49
2 4 369
3 4 291
1 2 714
1 3 551
1 4 116
2 3 713
2 4 116
3 4 208
1 2 97
1 3 78
1 4 192
2 3 663
2 4 424
3 4 513
1 2 225
1 3 337
1 4 132
2 3 453
2 4 701
3 4 660
1 2 463
1 3 966
1 4 63
2 3 863
2 4 663
3 4 714
1 2 998
1 3 208
1 4 332
2 3 910
2 4 680
3 4 389
1 2 441
1 3 773
1 4 385
2 3 761
2 4 282
3 4 736
1 2 772
1 3 436
1 4 804
2 3 704
2 4 867
3 4 775
1 2 92
1 3 3
1 4 165
2 3 778
2 4 127
3 4 256
1 2 604
1 3 168
1 4 124
2 3 231
2 4 225
3 4 981
1 2 1000
1 3 627
1 4 744
2 3 869
2 4 695
3 4 680
1 2 226
1 3 805
1 4 864
2 3 698
2 4 437
3 4 490
1 2 749
1 3 644
1 4 215
2 3 525
2 4 799
3 4 912
1 2 909
1 3 226
1 4 313
2 3 262
2 4 636
3 4 609
1 2 578
1 3 714
1 4 640
2 3 676
2 4 87
3 4 184
1 2 865
1 3 853
1 4 256
2 3 921
2 4 929
3 4 646
1 2 523
1 3 309
1 4 961
2 3 145
2 4 150
3 4 338
1 2 420
1 3 724
1 4 376
2 3 293
2 4 107
3 4 516
1 2 729
1 3 395
1 4 940
2 3 447
2 4 973
3 4 807
1 2 348
1 3 808
1 4 990
2 3 167
2 4 784
3 4 39
1 2 420
1 3 283
1 4 949
2 3 157
2 4 864
3 4 118
1 2 130
1 3 725
1 4 336
2 3 951
2 4 812
3 4 857
1 2 680
1 3 723
1 4 862
2 3 326
2 4 223
3 4 600
1 2 327
1 3 324
1 4 650
2 3 729
2 4 73
3 4 861
1 2 727
1 3 814
1 4 379
2 3 119
2 4 526
3 4 743
1 2 542
1 3 276
1 4 267
2 3 972
2 4 567
3 4 632
1 2 467
1 3 402
1 4 11
2 3 759
2 4 264
3 4 422
1 2 282
1 3 220
1 4 979
2 3 359
2 4 232
3 4 921
1 2 941
1 3 910
1 4 923
2 3 954
2 4 529
3 4 562
1 2 661
1 3 563
1 4 439
2 3 990
2 4 977
3 4 766
1 2 640
1 3 997
1 4 931
2 3 291
2 4 917
3 4 543
1 2 244
1 3 449
1 4 718
2 3 427
2 4 353
3 4 568
1 2 824
1 3 329
1 4 190
2 3 521
2 4 194
3 4 592
1 2 629
1 3 882
1 4 810
2 3 69
2 4 470
3 4 222
1 2 657
1 3 661
1 4 224
2 3 229
2 4 718
3 4 243
1 2 779
1 3 82
1 4 115
2 3 864
2 4 871
3 4 817
1 2 72
1 3 729
1 4 345
2 3 532
2 4 622
3 4 344
1 2 191
1 3 327
1 4 805
2 3 477
2 4 649
3 4 623
1 2 25
1 3 700
1 4 778
2 3 814
2 4 433
3 4 4
1 2 530
1 3 168
1 4 887
2 3 9
2 4 286
3 4 170
1 2 921
1 3 22
1 4 998
2 3 300
2 4 232
3 4 545
1 2 55
1 3 806
1 4 314
2 3 144
2 4 338
3 4 394
1 2 770
1 3 298
1 4 550
2 3 66
2 4 612
3 4 504
1 2 125
1 3 509
1 4 78
2 3 486
2 4 288
3 4 605
1 2 531
1 3 826
1 4 716
2 3 187
2 4 98
3 4 219
1 2 254
1 3 542
1 4 918
2 3 587
2 4 805
3 4 87
1 2 490
1 3 840
1 4 86
2 3 188
2 4 295
3 4 464
1 2 606
1 3 90
1 4 968
2 3 540
2 4 521
3 4 736
1 2 757
1 3 219
1 4 156
2 3 799
2 4 293
3 4 586
1 2 197
1 3 398
1 4 374
2 3 352
2 4 195
3 4 551
1 2 323
1 3 337
1 4 745
2 3 349
2 4 134
3 4 974
1 2 995
1 3 210
1 4 654
2 3 143
2 4 238
3 4 286
1 2 164
1 3 16
1 4 874
2 3 247
2 4 34
3 4 345
1 2 933
1 3 308
1 4 941
2 3 550
2 4 925
3 4 824
1 2 505
1 3 869
1 4 480
2 3 522
2 4 150
3 4 628
1 2 172
1 3 149
1 4 216
2 3 683
2 4 986
3 4 999
1 2 675
1 3 762
1 4 411
2 3 409
2 4 477
3 4 764
1 2 539
1 3 827
1 4 362
2 3 595
2 4 743
3 4 604
1 2 996
1 3 506
1 4 636
2 3 879
2 4 669
3 4 417
1 2 366
1 3 961
1 4 717
2 3 818
2 4 31
3 4 461
1 2 626
1 3 707
1 4 128
2 3 508
2 4 182
3 4 649
1 2 866
1 3 881
1 4 547
2 3 367
2 4 911
3 4 646
1 2 380
1 3 435
1 4 440
2 3 2
2 4 913
3 4 561
1 2 28
1 3 158
1 4 305
2 3 263
2 4 988
3 4 600
1 2 519
1 3 564
1 4 78
2 3 128
2 4 353
3 4 692
1 2 771
1 3 769
1 4 150
2 3 758
2 4 231
3 4 921
1 2 334
1 3 952
1 4 249
2 3 504
2 4 356
3 4 397
1 2 800
1 3 198
1 4 632
2 3 342
2 4 515
3 4 527
1 2 152
1 3 159
1 4 628
2 3 657
2 4 94
3 4 884
1 2 885
1 3 621
1 4 672
2 3 635
2 4 558
3 4 332
1 2 414
1 3 341
1 4 920
2 3 488
2 4 209
3 4 364
1 2 64
1 3 565
1 4 135
2 3 314
2 4 475
3 4 237
1 2 65
1 3 86
1 4 443
2 3 559
2 4 21
3 4 995
1 2 240
1 3 172
1 4 153
2 3 427
2 4 428
3 4 760
1 2 254
1 3 674
1 4 874
2 3 205
2 4 423
3 4 843
1 2 887
1 3 413
1 4 118
2 3 163
2 4 503
3 4 321
1 2 347
1 3 812
1 4 930
2 3 633
2 4 788
3 4 7
1 2 229
1 3 550
1 4 459
2 3 705
2 4 479
3 4 980
1 2 922
1 3 223
1 4 245
2 3 117
2 4 617
3 4 727
1 2 254
1 3 470
1 4 253
2 3 587
2 4 485
3 4 163
1 2 737
1 3 795
1 4 406
2 3 332
2 4 736
3 4 970
1 2 689
1 3 660
1 4 101
2 3 927
2 4 783
3 4 99
1 2 102
1 3 189
1 4 106
2 3 952
2 4 762
3 4 619
1 2 422
1 3 935
1 4 822
2 3 206
2 4 411
3 4 386
1 2 778
1 3 48
1 4 727
2 3 562
2 4 495
3 4 703
1 2 157
1 3 43
1 4 892
2 3 920
2 4 621
3 4 846
1 2 976
1 3 836
1 4 621
2 3 353
2 4 529
3 4 262
1 2 588
1 3 978
1 4 533
2 3 151
2 4 917
3 4 619
1 2 361
1 3 749
1 4 671
2 3 123
2 4 566
3 4 244
1 2 103
1 3 656
1 4 710
2 3 209
2 4 289
3 4 759
1 2 155
1 3 838
1 4 714
2 3 680
2 4 482
3 4 427
1 2 656
1 3 162
1 4 1000
2 3 934
2 4 587
3 4 450
1 2 549
1 3 765
1 4 106
2 3 772
2 4 645
3 4 263
1 2 112
1 3 116
1 4 838
2 3 305
2 4 787
3 4 978
1 2 223
1 3 800
1 4 327
2 3 181
2 4 74
3 4 556
1 2 615
1 3 293
1 4 657
2 3 278
2 4 215
3 4 238
1 2 405
1 3 146
1 4 281
2 3 495
2 4 714
3 4 174
1 2 765
1 3 688
1 4 866
2 3 96
2 4 477
3 4 948
1 2 155
1 3 736
1 4 5
2 3 316
2 4 587
3 4 217
1 2 843
1 3 935
1 4 880
2 3 865
2 4 8
3 4 712
1 2 601
1 3 46
1 4 378
2 3 795
2 4 874
3 4 310
1 2 865
1 3 471
1 4 612
2 3 793
2 4 880
3 4 972
1 2 856
1 3 624
1 4 256
2 3 841
2 4 289
3 4 246
1 2 507
1 3 253
1 4 661
2 3 5
2 4 145
3 4 404
1 2 464
1 3 260
1 4 327
2 3 898
2 4 722
3 4 684
1 2 203
1 3 219
1 4 26
2 3 420
2 4 679
3 4 104
1 2 463
1 3 989
1 4 202
2 3 20
2 4 461
3 4 59
1 2 234
1 3 999
1 4 680
2 3 941
2 4 238
3 4 109
1 2 449
1 3 480
1 4 672
2 3 689
2 4 657
3 4 832
1 2 586
1 3 994
1 4 123
2 3 543
2 4 396
3 4 959
1 2 345
1 3 474
1 4 789
2 3 381
2 4 724
3 4 48
1 2 129
1 3 723
1 4 536
2 3 404
2 4 272
3 4 741
1 2 774
1 3 523
1 4 22
2 3 424
2 4 961
3 4 180
1 2 66
1 3 623
1 4 426
2 3 587
2 4 747
3 4 927
1 2 920
1 3 673
1 4 529
2 3 924
2 4 911
3 4 708
1 2 332
1 3 962
1 4 697
2 3 123
2 4 876
3 4 162
1 2 499
1 3 401
1 4 606
2 3 962
2 4 672
3 4 874
1 2 120
1 3 249
1 4 288
2 3 832
2 4 402
3 4 731
1 2 197
1 3 160
1 4 584
2 3 300
2 4 841
3 4 968
1 2 440
1 3 79
1 4 86
2 3 197
2 4 524
3 4 235
1 2 312
1 3 1
1 4 617
2 3 480
2 4 56
3 4 672
1 2 670
1 3 268
1 4 409
2 3 88
2 4 462
3 4 364
1 2 784
1 3 524
1 4 607
2 3 945
2 4 217
3 4 425
1 2 450
1 3 38
1 4 255
2 3 348
2 4 672
3 4 387
1 2 469
1 3 759
1 4 514
2 3 415
2 4 469
3 4 231
1 2 370
1 3 731
1 4 137
2 3 302
2 4 15
3 4 499
1 2 22
1 3 735
1 4 460
2 3 629
2 4 838
3 4 387
1 2 895
1 3 68
1 4 453
2 3 999
2 4 108
3 4 447
1 2 78
1 3 607
1 4 818
2 3 95
2 4 434
3 4 405
1 2 979
1 3 68
1 4 578
2 3 824
2 4 962
3 4 552
1 2 122
1 3 493
1 4 476
2 3 779
2 4 767
3 4 792
1 2 20
1 3 605
1 4 849
2 3 76
2 4 694
3 4 791
1 2 544
1 3 609
1 4 893
2 3 5
2 4 283
3 4 287
1 2 700
1 3 733
1 4 550
2 3 441
2 4 425
3 4 207
1 2 8
1 3 335
1 4 535
2 3 325
2 4 179
3 4 713
1 2 876
1 3 492
1 4 308
2 3 546
2 4 443
3 4 709
1 2 6
1 3 148
1 4 742
2 3 716
2 4 785
3 4 331
1 2 315
1 3 498
1 4 697
2 3 330
2 4 368
3 4 203
1 2 426
1 3 682
1 4 976
2 3 468
2 4 744
3 4 514
1 2 188
1 3 193
1 4 375
2 3 471
2 4 85
3 4 526
1 2 969
1 3 74
1 4 922
2 3 285
2 4 830
3 4 507
1 2 432
1 3 578
1 4 596
2 3 958
2 4 554
3 4 396
1 2 765
1 3 600
1 4 395
2 3 311
2 4 390
3 4 410
1 2 618
1 3 481
1 4 569
2 3 808
2 4 292
3 4 465
1 2 106
1 3 230
1 4 921
2 3 993
2 4 732
3 4 428
1 2 32
1 3 74
1 4 106
2 3 522
2 4 574
3 4 665
1 2 300
1 3 279
1 4 327
2 3 720
2 4 329
3 4 372
1 2 696
1 3 840
1 4 890
2 3 442
2 4 506
3 4 115
1 2 647
1 3 283
1 4 544
2 3 492
2 4 143
3 4 587
1 2 99
1 3 594
1 4 775
2 3 935
2 4 869
3 4 810
1 2 773
1 3 550
1 4 468
2 3 902
2 4 855
3 4 267
1 2 691
1 3 116
1 4 755
2 3 180
2 4 361
3 4 282
1 2 794
1 3 456
1 4 117
2 3 742
2 4 14
3 4 789
1 2 592
1 3 197
1 4 539
2 3 826
2 4 651
3 4 767
1 2 914
1 3 914
1 4 27
2 3 953
2 4 399
3 4 799
1 2 128
1 3 331
1 4 904
2 3 563
2 4 496
3 4 203
1 2 408
1 3 514
1 4 101
2 3 43
2 4 645
3 4 351
1 2 670
1 3 390
1 4 106
2 3 480
2 4 807
3 4 815
1 2 84
1 3 85
1 4 741
2 3 760
2 4 949
3 4 541
1 2 618
1 3 67
1 4 217
2 3 17
2 4 773
3 4 158
1 2 244
1 3 39
1 4 876
2 3 503
2 4 92
3 4 353
1 2 83
1 3 434
1 4 441
2 3 465
2 4 447
3 4 768
1 2 586
1 3 140
1 4 339
2 3 689
2 4 911
3 4 658
1 2 779
1 3 934
1 4 397
2 3 500
2 4 354
3 4 146
1 2 314
1 3 925
1 4 676
2 3 94
2 4 894
3 4 647
1 2 919
1 3 91
1 4 75
2 3 485
2 4 535
3 4 785
1 2 864
1 3 61
1 4 444
2 3 668
2 4 734
3 4 254
1 2 727
1 3 619
1 4 232
2 3 224
2 4 20
3 4 747
1 2 413
1 3 984
1 4 886
2 3 428
2 4 871
3 4 468
1 2 558
1 3 444
1 4 572
2 3 106
2 4 761
3 4 539
1 2 602
1 3 759
1 4 300
2 3 767
2 4 675
3 4 477
1 2 684
1 3 396
1 4 505
2 3 4
2 4 679
3 4 477
1 2 970
1 3 548
1 4 559
2 3 624
2 4 637
3 4 743
1 2 147
1 3 908
1 4 697
2 3 278
2 4 819
3 4 49
1 2 103
1 3 525
1 4 414
2 3 592
2 4 535
3 4 879
1 2 583
1 3 995
1 4 512
2 3 857
2 4 245
3 4 264
1 2 220
1 3 408
1 4 579
2 3 312
2 4 484
3 4 8
1 2 884
1 3 120
1 4 807
2 3 949
2 4 6
3 4 398
1 2 966
1 3 959
1 4 329
2 3 982
2 4 350
3 4 364
1 2 731
1 3 681
1 4 753
2 3 523
2 4 687
3 4 257