100
10
15 19 16 20 11 14 17 19 15 19
2 1 9 1 9 2 10 9 4 4
10
14 14 18 18 18 15 19 18 14 18
9 4 7 8 4 7 1 10 5 9
10
12 12 18 19 11 19 11 17 20 14
2 5 9 2 2 3 6 4 9 7
10
13 13 15 11 11 19 12 15 12 18
10 3 2 6 2 2 3 3 3 9
10
14 15 19 15 17 17 16 17 20 12
2 1 3 8 4 9 9 1 2 2
10
12 16 16 15 18 14 18 15 17 20
3 8 5 10 2 4 6 2 1 5
10
18 19 16 11 11 11 20 20 16 16
8 1 3 4 7 10 6 1 9 2
10
14 20 17 16 18 18 17 12 20 18
10 5 9 7 7 7 6 2 3 8
10
14 13 13 12 13 18 19 12 15 15
3 10 4 8 8 3 4 2 6 6
10
16 20 17 13 15 17 20 11 19 12
6 10 9 3 1 3 9 5 4 2
10
13 12 11 20 12 15 17 11 16 18
6 7 5 10 10 8 4 1 10 6
10
12 15 11 19 12 17 12 17 15 13
8 2 7 7 8 2 1 7 8 10
10
17 11 11 20 14 12 14 11 11 12
10 6 1 3 8 5 10 1 9 6
10
15 12 19 12 18 16 11 14 15 11
10 6 1 7 1 4 1 7 2 6
10
20 15 13 13 18 11 17 13 11 17
1 2 1 10 3 2 7 1 2 3
10
12 17 17 16 15 13 15 15 20 14
8 10 8 8 1 10 3 8 5 2
10
20 19 19 20 14 14 16 16 15 12
3 1 7 2 4 1 3 7 9 2
10
15 18 11 12 18 16 15 13 17 16
1 3 4 9 3 2 2 3 7 5
10
11 18 19 20 17 17 19 12 18 14
5 8 5 9 5 5 6 1 8 9
10
19 17 12 12 18 11 17 17 15 17
10 4 5 3 9 6 10 3 1 5
10
14 18 19 17 15 11 14 14 17 15
2 6 10 7 10 2 4 8 7 1
10
15 16 12 17 18 14 13 20 14 19
3 3 9 9 4 2 8 8 4 6
10
19 19 12 16 14 11 15 19 11 19
5 10 3 9 5 10 2 9 8 5
10
12 16 15 11 20 16 12 19 14 13
10 8 1 9 10 3 7 5 1 3
10
20 17 16 17 16 20 17 14 17 19
3 7 8 3 1 1 6 7 2 3
10
14 17 12 17 12 11 17 19 18 11
8 2 3 1 2 8 2 4 8 3
10
13 18 17 16 17 20 13 19 17 13
6 2 2 3 8 1 6 4 9 2
10
16 17 14 17 13 20 17 18 13 11
5 8 3 7 2 8 2 7 2 5
10
11 14 18 16 13 15 13 16 18 12
1 6 5 6 10 6 10 2 5 9
10
13 11 14 16 19 16 11 12 17 12
1 3 9 3 1 8 9 4 5 10
10
16 15 18 15 19 16 18 18 19 18
7 4 2 5 8 7 3 9 2 10
10
18 11 20 20 16 18 14 14 18 17
6 10 7 4 6 8 1 5 10 7
10
12 16 20 12 15 19 16 20 16 15
7 9 6 6 9 2 7 7 7 9
10
18 11 11 19 13 19 13 17 19 15
2 1 8 8 2 7 2 4 5 3
10
17 12 16 17 12 19 14 17 12 14
4 9 8 6 7 3 10 6 8 3
10
19 13 11 17 17 15 18 15 14 17
9 8 2 5 7 5 9 8 10 1
10
13 16 15 17 11 13 14 19 15 20
8 10 7 7 9 9 8 3 9 7
10
12 15 19 19 19 17 11 17 15 18
10 6 7 10 5 3 7 7 1 1
10
12 16 15 13 15 17 20 17 15 17
8 1 1 9 3 3 10 8 3 9
10
20 14 17 13 13 11 12 12 15 13
10 9 9 4 5 6 7 10 8 4
10
15 12 16 18 19 20 19 15 19 18
7 1 1 8 1 7 8 10 4 2
10
19 12 19 11 14 19 17 17 13 15
3 10 9 5 3 3 9 6 4 1
10
17 16 20 12 16 12 17 16 19 20
1 8 3 5 2 8 8 5 7 2
10
20 12 15 14 18 18 19 14 14 11
3 4 4 8 3 2 6 4 8 8
10
15 15 12 15 18 20 20 15 16 18
8 4 3 7 7 9 2 7 1 2
10
15 14 20 13 18 14 13 14 19 14
5 8 3 9 6 2 1 5 1 5
10
16 13 18 11 17 19 13 14 20 12
8 2 4 3 6 5 6 7 8 5
10
12 18 16 14 16 15 11 17 11 15
8 2 1 10 3 10 5 1 7 2
10
19 13 12 18 14 11 20 12 18 20
3 9 2 7 2 6 2 5 2 9
10
20 14 13 17 11 13 20 12 14 12
6 8 4 3 1 3 2 5 4 7
10
11 18 18 11 11 14 12 12 14 17
5 10 4 7 6 10 10 9 2 6
10
12 19 15 15 18 15 14 19 13 16
7 4 9 6 7 2 6 7 2 9
10
19 20 11 13 15 13 18 13 20 17
4 2 7 9 10 10 4 10 2 5
10
17 12 17 11 15 19 20 19 12 13
7 2 3 8 3 5 6 4 8 1
10
13 13 13 16 17 18 14 20 14 13
5 8 4 2 8 4 1 9 1 8
10
19 20 13 12 14 16 14 15 19 16
4 3 2 3 9 6 10 9 5 4
10
20 19 19 20 17 17 20 12 19 14
5 9 7 1 1 8 5 8 4 6
10
19 12 20 18 16 13 19 16 14 11
7 5 6 6 8 4 1 1 7 4
10
13 20 14 13 12 15 11 11 16 12
6 6 9 2 5 6 6 8 6 1
10
19 19 13 12 15 19 19 12 20 12
3 1 6 10 3 1 5 3 2 3
10
12 13 15 11 18 13 14 19 13 19
10 5 8 10 5 9 2 7 8 4
10
20 12 15 15 15 14 19 16 20 13
6 5 8 8 1 2 1 10 2 9
10
11 12 16 14 18 13 16 11 12 16
3 4 6 8 1 1 8 4 2 7
10
12 15 18 17 20 19 18 16 17 20
3 8 7 10 7 6 8 6 9 6
10
16 20 18 11 18 15 13 14 19 15
10 3 4 6 5 6 3 10 9 4
10
11 11 16 12 11 17 15 18 17 13
2 10 7 2 2 3 3 9 6 5
10
17 18 19 19 18 13 17 18 19 17
2 2 8 9 2 6 4 3 10 10
10
16 15 16 18 19 16 15 15 11 15
7 1 10 3 10 5 1 10 7 8
10
20 12 20 20 18 12 18 20 16 11
8 6 3 10 3 2 7 6 9 10
10
15 18 11 12 11 15 11 20 16 17
2 8 10 8 6 2 4 10 3 7
10
18 19 16 17 19 19 18 18 17 11
4 7 9 3 6 8 4 7 4 10
10
20 11 20 14 12 12 20 15 20 19
3 10 2 6 4 5 2 5 10 4
10
15 18 16 18 20 20 17 20 15 17
3 9 3 8 5 1 3 9 3 6
10
20 19 18 14 17 20 13 14 15 18
2 5 8 3 1 6 9 2 7 1
10
18 14 14 12 12 18 20 20 18 16
2 8 3 6 10 4 2 9 2 3
10
15 12 17 15 19 15 11 20 11 20
8 10 10 6 2 5 5 5 9 9
10
20 13 16 18 13 18 11 16 11 12
1 4 1 9 6 8 2 4 7 6
10
19 18 14 13 16 18 13 17 13 18
9 3 1 7 2 4 6 1 8 6
10
20 17 15 19 20 13 14 14 11 17
5 8 7 8 2 2 3 10 6 1
10
18 16 16 14 20 12 19 20 17 14
1 5 9 6 2 10 4 4 8 3
10
11 18 14 16 12 13 14 16 16 18
9 8 3 2 3 10 8 9 1 3
10
12 20 13 15 13 20 12 14 11 12
6 10 3 3 10 10 5 7 1 1
10
13 20 15 16 12 17 16 14 16 19
8 7 1 6 6 5 7 6 5 4
10
16 12 18 19 15 19 13 13 17 14
2 5 9 3 9 3 7 7 8 8
10
15 19 19 12 17 15 16 15 20 12
3 4 10 2 10 10 10 6 8 8
10
20 20 16 12 15 19 15 20 15 17
3 2 10 3 9 3 7 8 7 10
10
15 20 18 16 14 19 20 14 18 12
4 1 8 1 2 4 2 3 4 3
10
13 16 20 14 11 11 18 14 17 14
8 7 7 6 6 2 4 2 6 10
10
17 19 16 20 13 20 15 19 18 18
10 8 8 5 8 7 3 2 1 9
10
20 20 16 14 17 15 19 18 14 18
2 8 7 7 3 1 3 6 9 1
10
15 17 14 17 15 20 17 17 19 16
8 3 3 7 10 6 1 7 5 5
10
19 12 11 11 17 19 12 13 14 19
5 4 8 2 6 3 6 4 3 8
10
15 13 14 18 20 13 11 12 13 19
1 9 9 1 8 2 5 5 3 4
10
20 13 13 20 18 14 18 13 12 15
7 6 1 10 8 5 1 3 2 9
10
19 15 16 18 13 17 11 15 16 18
6 10 4 5 5 1 8 9 6 1
10
16 18 20 15 13 11 14 16 15 11
5 2 4 7 5 3 10 1 3 4
10
12 11 17 19 19 18 17 12 17 20
5 5 9 9 7 4 10 10 10 4
10
17 12 14 20 16 13 12 11 16 20
9 6 10 8 5 2 8 5 8 1
10
11 20 12 17 14 14 15 18 11 16
1 2 1 5 4 5 7 2 1 2
10
13 15 11 17 16 19 18 11 20 19
6 7 4 7 4 5 4 7 2 7
