10
478 500
1583 4683
7801 1554
8940 7407
9485 560
7892 8498
9152 3753
5629 8885
6732 3809
7470 3862
1714 2552
279 8484
9784 4623
542 815
4624 6125
6026 660
3012 1321
1646 4823
3275 9592
1543 155
4818 6568
3300 3441
5408 9576
4983 6540
9534 9644
1181 7854
8511 9831
5422 3794
5349 867
2918 5098
6559 5529
5419 8846
6730 7476
7353 8737
4418 4364
583 536
2935 5723
7534 1311
4730 9349
4397 9234
1959 9013
828 2251
3953 4439
3419 8761
4516 5196
4893 5969
5418 9784
7029 1695
9309 2517
190 6387
6896 8814
4722 7055
7977 9802
5633 8113
3264 8786
1682 3251
4449 8768
8482 3484
3038 3072
8306 9051
5115 2503
6623 7727
9054 2068
3405 5533
1354 662
818 6648
6219 7761
915 5447
4944 8129
6287 7658
7628 266
3385 1169
3120 2702
4993 1759
5173 7200
6170 5589
9234 3629
361 9819
4682 7994
2497 940
8972 5382
8973 6202
1447 3647
69 1030
6464 8175
6236 9925
8893 5975
8806 177
3057 3866
2200 2411
3468 5048
2378 441
8767 5404
3634 3525
7839 4823
2023 8286
5486 8482
8321 3841
8213 3855
5652 6088
4473 512
6654 6870
4036 9404
3500 8769
671 3634
3107 6627
3830 1076
7087 6641
6087 4254
3123 2052
2780 6157
2142 2035
7753 3354
4968 7780
4347 7527
4466 4760
6455 7682
9032 5014
6798 1710
7877 4737
2455 6970
4060 9948
5780 1947
9915 4784
1695 9093
2018 2048
1843 9847
7004 2469
5512 8327
2891 9994
7969 706
273 141
6007 3323
2364 6849
6890 3637
4453 6836
5595 8874
7363 7839
2323 8875
3196 9384
6961 7654
1708 6419
8716 3733
4133 2758
2019 3101
622 9105
3347 6549
4797 5514
4681 5349
1564 1572
7836 9507
55 5211
8754 2918
576 7118
9825 1822
8255 3371
4553 8664
4531 2014
2472 9493
3789 9623
530 7480
9578 4208
3952 8579
114 8126
8200 365
3663 5856
4692 4347
6808 117
3827 4697
2186 2785
4899 1258
5985 9894
2311 8185
5209 661
2314 7905
5360 7699
9699 8351
8414 1083
9476 8957
207 9194
5459 9367
8741 89
5088 5251
5668 1870
7147 3589
9273 5245
9027 7776
4661 2886
6989 9240
890 8149
8466 2688
2045 6722
7204 3698
2575 4674
3076 604
1270 4717
2842 6369
6319 6444
84 6126
8580 4126
2339 7810
838 9325
9714 9766
7724 1756
3808 5926
3083 4871
2687 10000
9353 1920
7071 7683
5670 33
6501 420
1492 5045
7523 4953
3008 8830
6355 6809
1794 9428
5185 4301
5241 1064
4625 5469
6978 4489
394 3411
1831 8943
2034 9316
1906 4583
4956 9839
7861 5420
6074 3863
2138 2790
2517 523
5610 455
2038 5916
3983 8431
2206 2200
6260 8526
6252 3542
3398 8615
863 6231
6634 2082
3356 3612
7661 8750
8274 1226
1140 2504
3426 2783
5619 7427
6727 446
6839 1851
452 5206
7366 7667
1400 8082
2025 1904
466 4559
1416 7764
6259 7349
2037 3113
5746 8578
1403 7984
2845 476
7904 6441
1673 2144
4865 6043
4845 2384
8237 3785
3615 2880
7885 1532
8963 6160
4235 5839
5324 943
5815 1861
7824 3744
9213 5048
3294 7195
3059 3815
4018 126
8139 3688
9700 4616
4262 961
6645 5001
2644 6762
4046 916
1666 8472
8536 8988
4022 3197
8744 778
3152 5636
6001 8956
427 5197
2868 4352
7082 5495
1441 9150
3337 524
1590 6413
2160 8780
6006 2985
1392 789
7464 7973
7513 8395
9974 5721
6337 4637
982 8638
8413 5864
6112 5351
627 6129
4596 7114
9860 4960
5438 1475
4389 1781
4096 4559
4251 9994
8461 2219
2727 8050
8095 924
8945 8560
3653 7425
6794 6069
8834 3524
3383 3049
2025 223
9622 4521
2774 8203
4584 8047
2974 5337
3518 1337
8249 6436
5210 9923
8208 2923
6094 7649
6947 6517
1311 1729
7192 4227
5154 9309
8001 7384
6962 6048
3285 9341
1974 5461
5116 8476
2528 1761
9786 425
8507 5565
7979 777
4260 7950
6500 1658
2172 3608
5287 294
1059 5063
2161 5438
8065 7026
8143 3399
9684 9146
6530 3158
192 9740
1315 9982
3762 6588
2725 712
1060 7185
7044 3276
6798 8218
913 662
8071 9190
7570 5269
1567 1655
8052 7876
9601 389
4321 3609
4665 3661
3546 6246
3455 7681
8984 1689
7225 2308
171 6463
1834 1213
5806 5657
3548 5881
699 4655
8275 5218
3696 4281
5513 7637
929 5545
7496 3510
7850 2759
2718 1572
5136 7203
4698 7592
1059 9628
9265 8297
7737 2652
1542 3689
4489 3941
9667 9340
8800 6957
6472 5740
6708 9064
6604 1860
118 7840
8501 4348
5805 6113
6612 4343
4733 5496
4062 2009
7199 4259
172 1198
5360 9153
5761 7414
7423 3968
6238 820
9169 3580
8727 8988
7327 7122
5525 8859
8298 5772
5435 9155
9190 7003
9551 8401
6175 1811
2698 7976
4251 2314
4382 255
5351 4154
2440 150
4883 1277
2418 8251
8027 5213
145 8066
2139 5437
4528 2975
465 5684
9915 6267
2203 8716
3531 2687
6268 3804
6849 9676
2893 4883
393 7776
2740 1269
5572 9995
9448 9711
6616 3625
5492 2339
1126 4087
1052 5139
2728 4704
2512 4162
796 7427
916 8802
803 3699
6202 6112
8865 1086
3322 2182
3309 5150
9111 6201
1174 1929
5790 2633
2795 3379
3842 7549
2842 5032
1415 3490
1758 6985
5675 4012
7324 7724
542 2523
1082 5912
5023 9450
5294 7223
6211 8081
9572 6270
3100 3751
7505 5382
1258 2479
3354 1611
1711 3214
8707 4391
8364 4304
9384 8051
876 84
9975 8746
2928 5089
1223 9906
9372 8614
3992 9872
2949 2855
3010 6053
8703 9530
7429 8389
5681 718
3106 5689
2680 3111
9853 4992
4087 6638
2731 6084
7390 2802
5538 140
1864 9754
6477 9909
4325 3918
2696 8891
7201 6799
777 6430
5489 6333
2115 1389
2413 8226
7392 6090
3505 573
72 500
7160 9899
5105 5432
2622 3006
4553 9822
7833 4058
3079 1014
1298 9686
1362 2005
6474 3495
4825 9486
2849 7880
4052 9344
6089 776
6067 9135
3984 3657
7627 5623
9250 3321
2442 8118
6723 2678
3419 1281
5262 6544
5599 621
1219 4936
431 7082
2852 6878
4106 599
7805 5166
1955 8505
377 4021
6034 3416
1907 2445
9748 1889
5415 2506
7562 2620
8702 9404
422 8078
1401 9157
1868 820
5732 3116
793 105
7796 4684
1765 704
8718 4133
25 6255
8412 3845
8311 5855
4989 4923
913 8293
6521 3614
3856 4049
8448 2543
6534 7732
6522 4543
8557 5138
7688 8717
7791 9124
9058 8043
3358 5667
1187 9018
7083 6111
7870 4189
304 3695
8215 4780
2413 4918
2752 5093
7946 415
349 8816
8743 6586
1245 9732
5342 2893
8038 9509
8863 2077
8200 6496
3736 3301
2246 4439
9768 8316
187 2009
9171 2936
1025 1134
9002 8815
6010 3036
6275 7586
6519 7310
3895 1022
8137 6329
9370 3686
8949 7703
362 7518
1862 1751
2113 2928
9192 4456
4199 2333
9190 5668
4441 2572
9020 8028
2398 3780
4301 8687
9850 2996
3731 1311
6850 1053
7196 9187
8033 3103
7020 7683
9341 696
2567 4561
5145 4548
3594 2441
1100 6603
4840 3715
5640 400
4262 8579
9064 7923
8715 4395
6408 277
1602 6848
8182 1356
1594 6163
7332 8225
3865 8912
6433 7231
3554 7462
1129 3964
9756 4740
7713 3422
6441 1544
4672 8046
2882 9081
3121 9345
1323 5608
8432 7206
5299 1673
441 9924
7941 9220
1305 1152
3508 8613
9581 9602
8430 7283
8909 5797
1386 895
4046 2786
6967 502
1786 21
5661 1895
4185 7730
7915 9456
7069 2118
1096 4633
8530 6932
7977 9310
5021 6473
7429 145
8750 559
8582 7552
5382 3042
7317 5076
3974 7116
101 4877
8084 5182
9356 1965
9209 9559
491 5194
207 8491
7565 1155
9567 6424
8250 1158
5497 5077
2409 1877
9131 4796
204 5486
5616 5043
840 1263
8210 5267
6239 5367
6586 5122
5138 8993
2848 3168
880 4567
9322 2408
2007 1324
9170 4386
9701 3535
2879 3183
1314 2674
7108 9248
4192 842
3781 966
6078 4381
2814 545
2696 7800
1677 1387
2266 4176
3396 8256
4608 4834
9402 2103
7444 9637
1406 9847
2896 9187
4357 25
2618 2017
3084 7830
2588 9769
4070 772
5593 6816
2763 896
7117 2129
2289 6455
99 7374
9053 3624
9727 3908
5001 9641
8691 8416
6393 2860
6134 1467
4459 6575
4929 7478
8019 2248
5199 6705
4017 2154
2871 3582
2425 5141
3838 3780
5948 8684
6260 5666
4807 229
375 5578
8168 9847
5756 510
6060 7742
2719 3432
9877 6570
9096 2855
2849 735
6288 101
6896 2545
7218 9719
9754 8728
859 6350
1879 2093
4024 7358
8453 911
257 1824
7635 959
5551 7906
1595 6815
6020 7618
5920 369
289 2246
5422 5092
3409 49
490 2099
6059 1286
9661 5437
5761 8580
8538 1573
8308 1914
8702 2936
7454 2150
1406 5545
3223 670
9959 2772
2465 3858
5445 1597
3352 6344
9249 6911
6129 5563
654 7515
4297 1807
7320 6831
4885 1968
843 2225
9966 4654
9301 3497
5707 1552
3935 4034
2917 7545
2527 5476
1379 4700
3538 3518
3820 4800
9458 54
7226 3855
7746 5466
567 4507
2856 9528
1825 1913
703 6412
8947 4935
3598 1987
8173 1871
5611 278
991 7832
3382 3727
9164 6208
6239 517
9804 7778
7196 6299
4039 6744
6724 4935
8827 2571
5861 9475
5793 4538
3642 2726
8849 4387
8068 6875
8865 6544
7019 4954
651 9448
4357 9685
9120 937
9729 4362
1234 4204
9531 6577
1808 6581
1127 1938
1222 3572
8591 5464
6880 9779
8473 7599
6928 9275
3755 35
6751 7720
8615 8679
9430 6325
9480 9913
4858 6886
102 5014
6494 8105
2583 1274
8415 3852
3774 4595
2523 8819
5695 6302
2805 1365
1381 9908
2389 6166
8589 6941
45 2895
4194 7076
1619 7323
6029 3758
9108 9322
1341 1464
828 9476
3750 5564
969 6997
4396 3297
2332 5493
1540 6164
4403 9056
2307 5902
5377 3926
4038 155
6441 2517
4364 4265
3317 2342
350 1142
3529 6859
2828 2731
3888 4426
4183 2636
5194 1591
1310 2320
8538 9039
9065 9226
8168 6818
1847 8089
1109 8827
2607 7065
9493 6743
1923 6876
7757 7927
6804 4936
4704 3351
467 9019
8478 7400
6368 9097
8316 7164
923 7822
8485 6249
5464 4612
5836 6032
2086 891
8803 2375
5433 1316
1797 5586
6197 2502
3792 1762
4284 4270
4026 5803
5288 8288
8942 2243
8937 9111
7053 7931
2630 8360
1573 7887
771 9194
3942 217
8664 9081
2290 8595
949 7210
2845 5693
4095 604
8954 8982
5914 3976
7797 5527
7483 5063
3924 833
6954 3446
7023 7243
5343 6810
5398 9208
5452 9074
1924 8316
8112 8585
1086 8169
4637 5094
4563 3238
5723 4402
1439 1648
3841 3569
4183 331
4117 4920
6956 4655
9473 3208
7932 6200
1842 5467
77 7756
7398 3803
8019 3693
5137 3357
8869 6621
244 5697
5427 8682
2154 5097
26 4235
2145 2752
6010 8127
4269 2175
363 9941
1848 5918
3700 8981
2511 4293
9098 4991
3351 9882
6331 4914
8037 4363
582 5431
5998 2784
3104 3215
7840 2824
1733 2857
8445 1864
8091 923
9273 9654
2912 6818
4135 115
5680 3320
7801 784
6931 6644
1530 7674
2917 6658
9339 8828
7761 474
7570 5095
1801 1734
6125 5571
8879 4029
2141 2015
5947 764
3438 5244
2027 7559
1200 255
4218 7541
585 7537
1529 1773
4465 6028
1421 3479
7611 2525
7835 6757
4816 6352
1390 7354
1564 6374
1919 4839
9896 3217
7605 5394
4106 3078
3873 7201
9834 9683
1962 311
1056 9447
5120 5178
6100 4387
3887 2499
4564 8669
1234 6220
248 2560
1067 530
9085 3976
3650 7986
4828 824
275 500
5322 833
1014 3667
1331 9403
3410 7177
4681 5032
5388 8498
4255 6541
1970 8834
5431 2581
1595 3355
8936 5792
2959 9124
1263 9438
9063 1060
9772 8714
7969 3029
9127 5447
7150 3550
604 2029
9016 3541
1899 1954
1672 3164
3699 6940
3192 7278
7832 5176
9779 2232
7266 3626
6630 1307
668 8112
9826 6324
3024 7663
8454 3457
3 6485
7917 6378
9730 7910
951 3710
8151 9827
5855 6422
5429 46
4234 1883
13 6879
3911 1265
4231 6153
2439 5195
2359 7451
4894 954
9575 6305
6178 7848
1969 8238
9235 6693
7854 8823
8701 4118
4974 391
9582 8964
1582 550
5638 6619
1262 1278
361 8701
1331 8739
5812 6502
4376 8253
5960 4431
9580 5715
3916 7218
3352 977
4233 4359
9650 3568
9356 2245
5119 6846
5591 3479
7522 5409
1603 6758
8452 9327
3982 8964
1033 4171
8255 9944
162 1348
3768 8926
1226 3472
6282 4628
6049 2131
4152 4442
7816 3166
8147 3618
2127 7298
7746 2931
1159 3989
9969 4154
1218 147
2086 6064
9245 5215
3451 2375
3086 6840
2503 5862
1926 238
1387 9557
1837 2757
311 1638
3637 1605
2798 7390
2324 9269
8083 6706
121 6837
2096 5239
9745 1537
952 6499
8413 946
3214 3821
5017 6343
3072 8205
1557 2305
9821 3534
7386 6215
730 978
4557 959
14 9454
710 6471
6332 1932
9334 1629
517 7740
2358 1763
6257 9736
3768 5547
6114 1122
7692 8489
6098 8255
9549 2215
5622 7364
4897 2257
3883 5906
572 1678
7687 7214
5017 9104
7978 8507
4920 1719
3242 5851
8713 3591
8302 9272
4099 9598
3271 7316
8193 7605
6973 7189
6506 6557
7008 8655
7991 8873
78 2576
5745 2272
2712 1173
9609 6016
9297 4899
1542 1808
4685 4467
5181 5558
1070 653
5667 3125
757 2748
1872 1890
2522 8134
7452 6082
2925 8009
2476 9805
1816 5290
1839 7592
8217 512
9414 8656
1295 2506
4184 7825
644 2556
536 3935
7027 3492
976 9258
231 8017
7919 6489
8758 5820
1086 3204
9658 9478
7468 2368
2361 644
6175 6604
7227 4403
4164 2484
187 8281
6463 4179
9796 4769
7612 3746
1564 9202
7232 1075
9817 4926
5337 1911
8023 3516
9394 5381
2232 7266
5952 4075
7815 8875
7359 909
9288 6137
1312 2836
4513 6947
4252 9860
6009 6785
2871 6801
4416 4820
6414 6836
1362 6451
5715 1537
2185 3463
8946 6741
5257 2613
7287 7747
7280 1561
4883 1761
7411 6017
4825 2152
2096 8197
7547 1036
986 5174
860 3916
4550 3645
4091 3901
85 8840
3958 9897
6679 7034
6468 7473
1566 370
723 31
339 1016
4216 2198
8029 8981
8315 4991
8422 8395
5371 826
6182 1277
3969 3082
5380 2675
885 7790
7534 4253
9773 3332
9116 7945
4713 436
7734 2766
3693 2087
6193 7502
1997 3338
4905 7658
123 8633
5854 2804
7853 7495
9890 7026
5580 5542
3950 3868
9846 1461
2217 6878
6535 9276
2619 5551
446 5320
1002 664
5531 8588
5846 201
6620 4611
2080 4367
6851 7255
9713 9537
905 8463
37 3867
4735 1525
5679 1422
76 2626
6671 7658
8562 9943
4653 2316
7583 3593
8085 3451
4859 5065
6537 9257
7843 8010
9265 3991
6058 9099
1334 1445
9474 325
4600 1914
6909 3042
7481 4902
3907 5731
5678 1701
6397 6452
3279 473
8745 1248
5784 9724
1360 6390
3305 4453
6343 6735
202 8936
8505 1251
9371 1958
4424 6852
4139 4564
583 1891
7543 1026
2683 2541
7848 4909
5685 9871
6458 4212
6027 7547
7629 5707
5688 6565
4561 3468
2543 7645
384 1957
2759 69
9197 2504
5689 5775
8183 4422
6255 6721
1893 7981
7978 6708
4042 7413
6273 8433
378 3171
1701 7412
5254 9298
7373 1388
6100 2988
4571 422
1144 3664
6742 5174
7770 8105
1464 8789
5618 3021
4458 1409
3482 1768
1770 4870
8306 3082
4366 7608
9456 416
8784 312
3972 6278
3596 4991
742 6878
9298 4388
2924 7640
3746 2698
4255 8439
2849 1907
4888 1394
5413 7502
8633 8677
3594 4385
1752 5819
2488 3745
6268 253
9938 7013
6659 1083
6822 1400
5115 7688
3457 1106
1300 4807
4336 4240
4731 5381
9321 1608
7364 6120
4538 4561
4962 2112
5547 1594
5136 4062
8317 3736
7106 4071
9969 8129
1362 2320
7121 6779
9516 8097
4283 3425
8990 7975
6272 8337
4486 2991
599 1965
2391 3075
6177 9772
3432 7735
4388 5995
2423 6581
5009 7374
5829 6170
6213 2697
6360 3015
1074 7081
5535 4780
529 9660
8414 3992
4441 9078
9645 9590
1372 7870
4125 8836
6192 4397
488 2492
593 2716
6617 4872
5473 71
6790 5016
4942 7476
8542 5870
8965 8424
2935 3362
1213 5814
6400 6872
6115 4595
5205 486
5816 2603
7064 7245
508 3466
4172 3028
5844 5438
1756 9586
378 6341
7137 9060
8915 5826
1296 5111
9657 8917
3989 7832
4136 1858
1557 6667
2331 5420
3541 6143
3127 6690
5564 5313
7087 4181
8446 835
5761 876
7523 2854
7605 5703
8738 3574
2848 9499
885 332
5475 2018
9912 9781
1073 7065
6174 1840
9988 6866
7726 3331
9942 1173
4796 9560
7426 9389
5851 1857
3032 1560
5856 8105
6974 2830
9724 1290
1282 5741
5660 5085
7589 2702
5750 822
2 669
1016 9698
3602 3529
58 7745
577 1200
885 1939
8697 6376
9301 2767
7279 2188
9558 991
4568 8719
8060 8000
653 9887
3969 9144
9084 2530
8685 9563
1873 387
243 7686
7188 2720
7753 7776
5713 2681
7076 9071
5668 2097
2775 6127
4253 6165
341 4403
5083 6877
8204 621
2788 8215
4890 725
4884 8991
492 3245
8687 1470
7282 9479
1564 3547
9305 5157
7164 3032
6542 1133
8920 1545
7107 2685
673 3000
4504 1476
529 6297
3831 1495
2981 2952
7474 8361
6910 9311
7610 1543
4707 2429
4738 4584
243 500
9755 6424
7920 8107
1812 1505
9840 2574
6356 5177
2825 2375
5221 8789
9780 8453
4305 5470
432 4578
2528 9696
5663 1204
9287 3446
9307 9215
6071 8950
1070 4491
6398 3346
2403 8272
4559 6642
9466 9610
3826 8544
4999 4883
7969 9218
1852 3645
1299 6932
6886 9505
9603 8981
3616 4745
6746 6703
6536 299
2642 5331
2464 4038
2679 2374
8947 3012
5178 316
3213 3123
1123 4576
6890 2191
6144 8370
4445 9925
4740 1485
2082 5291
4961 8879
9482 4739
3277 4700
5743 5228
7062 2822
6689 3863
2588 3493
105 5237
2837 4298
3532 4891
5589 5453
7832 2778
2720 1940
3135 2757
3743 2533
7980 3175
987 8420
9483 1504
892 662
6037 1563
2220 948
5024 9519
3469 6196
1002 7692
8970 5328
6186 1335
8980 2547
3623 5797
3248 3023
1791 6356
1195 9163
5909 1278
7574 1325
3205 9477
1883 3089
9053 1833
7939 1739
4677 3576
1011 4300
1626 354
8249 3159
1336 6132
9764 8498
2272 5839
4537 4505
1313 3362
8936 6886
3848 2748
529 8991
9855 9884
7901 4556
7417 8811
5776 2413
3028 4780
265 5186
9341 8326
4733 8197
5711 5767
5670 9113
1240 6591
1294 3786
4654 6597
3006 5648
8248 9828
4535 4043
3152 9509
9693 1819
3938 4179
2140 5608
8232 2345
7592 2676
5251 6432
8486 2448
8018 4298
9714 7555
3458 290
9718 239
6612 4690
1896 1938
9062 7101
2524 5435
9287 6590
333 7195
3711 3432
9617 2134
7744 7581
6198 1076
3637 1863
6738 5442
9094 3254
749 7912
1844 5944
1631 3699
9183 276
3901 662
3839 4459
18 4980
5627 7652
5032 5722
8555 5888
2131 4198
1991 7572
3103 2094
3890 2463
9654 7288
6954 9855
2760 9032
5645 8126
5400 9880
7339 6880
3778 8690
2387 4216
371 1221
4169 8619
5808 9121
4709 6163
3915 9652
6252 9515
4410 9498
2237 5300
961 260
1135 4017
9802 4758
8804 8323
5246 7428
7792 3174
5248 1167
9581 9924
1015 4166
6036 2224
7688 4358
8547 9299
6948 9215
3528 3461
2575 8660
27 1383
7276 9483
9123 4363
1430 5198
6928 5690
8437 9706
6517 9402
1012 5278
155 2429
2181 3757
7814 7825
7801 1323
7898 1028
1225 9243
7714 2342
7154 4928
2702 7137
5627 1044
5529 2835
7751 2633
6565 9664
566 1514
4897 5199
794 1248
433 1108
1807 4712
9783 617
3796 4917
7107 4252
7051 9360
829 5975
4087 736
8100 9143
2505 7704
6600 6540
7337 5823
5079 961
7324 469
8783 9744
8332 6276
672 9169
5789 9762
5910 40
1379 7456
1485 3149
3619 8789
383 5719
6905 8845
9881 4046
9301 4105
7393 7876
1821 5078
369 7942
3484 4554
5723 3918
309 3657
4346 8371
6763 2101
2463 9661
5345 5532
179 7609
7039 7829
4058 1539
9495 7612
6787 3741
6994 7998
6118 434
7781 6396
4751 8816
1674 8490
6355 8125
7726 6473
232 9680
2188 2258
6836 6306
6414 1521
9742 4461
9827 357
5910 7587
2470 5581
3989 556
1671 5997
7192 7036
9390 1345
7917 5061
1199 4103
3689 4964
9034 4570
3199 7074
5836 9978
7456 7433
4610 1575
5982 8595
4700 8376
2650 1461
2564 7029
6919 4540
515 5397
742 7889
4583 8648
4334 3392
4318 879
6013 2312
125 4328
4357 6295
1276 9837
7034 7356
3455 3627
4476 4027
2806 8515
1975 9844
2000 7471
8257 4997
6073 3065
2104 9472
9227 8923
2820 5372
6380 7676
2975 8565
3113 8526
4315 1349
9268 5039
2210 5293
1233 9478
5146 1953
601 3441
9314 5320
5948 8560
5376 8571
3714 7859
7558 4722
2602 5426
1254 8014
993 7336
5 6752
6806 9797
9309 3877
2187 8549
4132 3276
4073 8114
1378 196
5139 7898
4578 5133
8021 7185
3968 7511
8424 5288
395 1248
5966 7530
4280 2244
4150 5788
2611 6638
5121 3588
983 9254
8282 9418
970 4338
5551 8522
6340 3386
422 5458
6831 7555
2313 3411
3467 4015
267 5578
7141 2092
8394 4237
8938 524
4062 335
8004 9131
4689 530
4543 5158
8766 8153
7042 4619
2402 566
4310 5092
8780 7479
459 1833
9406 5803
6709 8919
8151 4813
6261 7956
1902 634
8853 8379
8799 1070
4134 8010
9598 1924
9058 8202
7847 695
3935 408
429 2704
7642 1301
9208 5963
3405 8267
8709 1605
1397 7228
1407 8131
7980 4941
3862 5017
9091 759
4714 177
9565 3889
7557 9343
3545 9020
8519 8017
9774 7265
7032 107
1364 8736
1014 9577
961 4322
3665 8260
4638 7472
9539 9089
7186 1037
6886 7289
9305 5848
9346 9395
7778 431
7368 9851
2287 4750
7832 7550
900 9701
8442 106
9240 3511
6051 6057
2202 5477
9451 7165
8820 1856
3500 9338
8806 7023
8640 4345
2391 2033
971 2349
9659 3848
4658 5104
1736 3829
6666 7691
4882 2994
1615 24
719 1407
1285 6875
4856 239
1576 1882
5664 6193
8888 8190
2830 1365
3595 4325
1220 2867
3237 9678
3087 4503
9602 2809
9634 293
8237 4463
9893 5997
6269 3479
6508 6536
2374 1522
6357 1049
2718 7141
8289 8563
6264 2989
6322 2040
1438 7944
1849 5313
8399 4496
8411 4181
9413 1116
4392 5313
9426 2328
7981 3359
8378 7898
6178 3531
4815 6506
704 7213
8208 1927
4786 6436
4103 1270
4565 5022
5331 5633
6720 8288
9203 2428
7145 8440
8760 7999
4760 7165
8993 4205
8647 8044
6181 6919
2076 7463
2079 9230
2400 7483
6206 1693
8862 8856
842 3989
8053 3578
5173 259
7106 2711
8254 3496
2468 8834
6600 3948
2856 5018
6040 9484
6983 2192
7250 8954
6519 3722
971 2105
1376 1029
5586 5266
7477 7391
4798 139
6784 3274
5383 2861
817 5072
341 1877
5462 686
2223 4018
355 4019
8970 9401
8462 5606
6815 5945
7688 1530
7757 9488
6317 3271
4997 9930
3122 1239
1769 9232
4941 3199
372 500
5047 6517
1485 326
5454 8521
3123 8692
7442 3618
2868 2631
4017 6746
10000 5713
2661 2332
368 5696
8052 1396
5699 745
9895 8789
5075 1556
2616 760
2202 3188
6983 5676
858 401
5846 5104
2926 1824
450 1150
4898 618
6474 904
6390 506
9907 6314
6261 3669
9263 7707
6405 9331
9121 2922
1997 3787
1418 3232
4822 2525
9592 4003
9445 6704
4346 6831
9261 4696
2675 2766
7959 6168
5970 6759
5504 4365
5651 7003
2930 7740
3570 4178
9682 8591
9336 7507
5762 756
3075 973
2538 583
6634 9990
8510 1103
445 8934
9604 8042
9144 960
142 8921
9152 8606
1598 2487
8999 3843
6847 1930
7642 8491
9712 8031
1306 5151
1130 6184
5407 426
9271 2899
9492 2426
9419 3271
2121 8033
8752 8136
613 7281
343 9717
4263 9058
8089 7584
1283 774
3681 8951
5449 7313
5114 548
5850 3732
5203 8605
9176 5511
6124 1695
4929 8063
6938 9854
2893 9452
4979 3014
1138 7394
8306 2846
4961 236
1113 1627
828 1086
7634 3562
3761 8601
9744 5820
9439 4616
4449 2401
1372 8363
9352 4676
6431 6713
7756 9259
7398 3237
7782 7813
4979 3105
1291 8863
7053 2936
5367 2827
4595 1754
1950 3566
5091 5170
5215 9095
9357 4587
8908 9924
7749 3542
5666 5991
1876 2394
3061 2442
5457 462
1132 1562
2081 9322
9976 6965
4756 6071
2356 6581
9078 5653
1707 4362
3793 6860
9707 8016
5978 1120
789 6970
6432 4912
3665 5943
2949 6081
1611 2626
9469 6665
9687 7761
313 208
8511 4128
283 6058
444 5651
260 8256
8168 1911
713 308
5507 690
6172 6748
3615 5775
2168 7787
2290 8592
8677 8741
931 525
414 7900
6559 3501
7789 1030
1724 7486
1297 8394
2013 7670
2875 8629
7887 3939
8972 5813
9920 8120
6015 5800
9177 1358
8345 6496
3773 6634
3554 646
8820 9973
7179 3856
8692 6633
2486 9642
7092 4443
3348 138
627 3024
3474 2826
4268 1611
9837 7760
1185 8638
6185 9416
6190 3350
2722 2754
36 8951
6378 9234
7419 2311
2991 4751
5671 9551
9874 5292
5387 7389
733 6369
4893 7975
2037 3236
6022 1303
5921 8925
1483 5569
5975 6283
8535 9160
8934 8001
1626 5360
3710 6123
337 5127
9293 1591
7715 353
7398 9800
5995 7393
8705 890
1035 529
307 5125
6603 4462
6636 2672
8609 2232
2740 5350
841 3873
5402 9722
1217 661
1149 1185
3462 6434
7504 4826
6458 6697
8434 7786
1618 2255
5496 9251
2565 6053
1799 2277
2302 5178
4549 8822
3535 2221
2944 9053
1705 520
463 141
9111 522
7097 9599
3303 8425
8554 732
3300 577
3099 9898
7257 9681
6145 9631
711 5721
6184 7788
1892 9338
5987 7102
655 7123
4622 2433
2789 8524
8262 782
2260 9445
7954 3134
8083 9454
9303 8622
2881 5043
9531 5388
8888 7888
1496 3841
5947 5656
1484 3886
2809 5665
9192 5928
408 6367
690 5226
4391 3100
9736 4244
7193 7542
1279 33
3267 3418
7603 1793
3287 5765
4789 4022
7869 4279
6434 5110
2567 7080
402 4602
7252 1501
2603 160
3488 722
3409 4811
2770 1202
6043 3379
4234 6716
1991 893
5968 6434
2583 7907
7299 5631
8329 8429
9875 5561
2166 4458
5451 4455
8140 9414
8907 5353
3969 9660
8443 416
3822 6106
8195 8364
4058 2349
5784 2352
159 8196
7490 7222
6757 9098
9566 7692
9807 7123
80 4506
4429 9009
5411 1017
7406 2310
2739 8729
5339 7584
8115 7257
6066 2735
5635 3998
2888 9037
7351 7004
2945 4853
1605 2432
1333 4885
9370 7038
7386 7854
5742 9029
8940 1022
901 387
3066 5865
7921 8722
4045 2435
7082 8225
5875 1771
2024 2504
4124 2973
6028 6875
4085 7589
5066 5197
3120 1613
7008 1248
2778 2904
2446 1479
1252 4204
7881 6314
7703 7090
528 1750
6008 6579
5108 5441
3694 986
9434 9121
4652 6292
7349 697
13 1492
9349 7799
1985 1362
259 2469
1127 1794
4790 4618
654 469
6608 9942
873 5981
8560 7407
4361 7422
3959 8725
6168 1448
9141 6774
1178 7407
4588 460
4780 8331
7290 8300
8601 1334
1265 2470
3352 9696
1744 9546
8615 3496
282 6886
7681 7420
2858 1825
1276 8718
5769 4313
6846 5430
7424 2698
8527 4556
4424 7259
3181 1325
2813 9891
8242 2878
8440 2205
3834 4720
9554 9950
2329 6904
8547 4564
7316 2330
6692 8434
2257 9552
1586 7239
6704 3218
2247 8199
154 7330
8709 9757
6874 9387
6111 9281
4411 2996
9502 4810
7385 8810
8363 6789
3477 593
627 5914
7405 3960
2012 1040
5872 9299
6070 6863
1062 9018
2623 8232
7157 70
8572 4890
3244 3918
5065 718
8043 8318
6753 4183
1161 9512
6562 9645
6625 8868
5105 3741
7129 306
8047 1194
6657 9854
2447 1451
3519 7983
7688 8895
1054 900
7179 5525
4202 1360
9277 1730
5778 1572
2185 8443
4380 5364
8475 2086
4805 9216
1314 2505
5427 7662
8246 2969
9698 285
1658 7779
3944 9005
5975 5368
7834 670
8792 3499
861 571
8483 626
3583 8232
5152 1764
3312 7081
4079 6475
4181 3989
6272 4943
4628 188
1723 5462
4320 7835
9523 8651
1606 7546
965 4786
3712 635
1825 7746
1848 8263
3147 7847
892 6806
8695 1716
7880 1333
260 9219
1475 440
4923 7661
5896 8135
9385 4721
8035 6231
7299 7949
646 7113
4446 3663
3172 171
2701 4494
3179 7916
3554 234
9939 9204
4517 7216
9148 2314
9897 7794
7821 2374
6731 7421
630 5583
3514 9369
9164 2411
28 4186
2621 788
9672 2336
7593 8769
2683 8809
670 2652
2160 717
3573 514
6732 7321
4959 2076
3123 5561
650 2270
3814 8667
8444 742
7804 9583
751 11
8728 9852
2697 3197
6173 810
6966 1416
3114 148
9034 4989
6084 3708
4873 5681
2497 2820
288 500
5214 7031
7398 7132
4381 8377
1779 7553
5284 2907
7674 4052
9143 34
385 4201
2391 4929
9337 575
6180 2624
6245 674
7154 5773
2739 2081
1505 7600
3826 9647
5309 616
220 2961
5395 4203
939 4829
5152 5000
6003 3751
8954 4477
6176 5644
7646 9176
8174 1117
2047 7175
4055 4082
6089 4035
8159 5593
683 3271
1718 8710
2868 8728
8682 2970
4433 9815
412 7042
8848 354
5808 9601
5322 8854
5347 6282
7684 4727
6515 8370
4911 4774
5909 9781
2543 813
5493 5444
5524 1641
5078 8176
2266 3911
6628 8188
2432 9668
1338 3028
6256 9057
4887 7019
1147 6408
3212 2507
5292 3892
2215 756
202 9568
1821 3026
2327 6543
5842 9884
348 5976
5574 6289
4016 3978
9986 44
5371 7325
5936 4102
6540 5095
8019 4683
1025 5701
5028 8799
3662 6066
3307 979
2708 6860
1566 3632
3942 5486
5648 4766
2588 73
2546 5815
7540 8288
3250 5474
4918 7646
1644 5663
8505 4060
1166 5266
3344 4335
3274 6944
9862 3593
9969 9228
930 422
5216 3014
6386 6837
2264 2876
2312 1953
1692 6569
8747 7840
7879 1209
2769 3996
748 9835
6561 2335
8972 5897
2536 8900
8869 9805
5550 5423
3072 3539
9776 1544
511 5507
3557 395
8133 7073
4293 979
8617 9707
3027 3810
379 4686
27 7848
304 1521
8238 6930
9805 8535
8808 9946
5172 4701
5279 9956
6906 3320
9610 6401
581 5767
2568 3152
4729 255
2620 1795
291 5595
2090 402
9829 3889
3881 8364
1481 450
4477 7959
4046 9557
3401 9577
7587 6216
7713 1949
2175 278
1517 3348
812 328
2739 4648
419 6117
2675 3611
3871 720
7465 1156
4404 7731
6698 208
2979 9559
2496 2483
4275 9146
1939 4878
6111 3535
3399 4898
5906 3610
6558 1166
3948 4038
2432 9801
7507 5629
2348 9002
8802 3040
1380 4294
1040 3641
9033 56
4934 9392
7748 900
4507 5208
2764 8138
770 7611
8620 7579
1927 7625
8789 1482
3094 3498
8467 1380
6839 9003
5068 3217
3662 8115
9625 701
6644 5462
3064 7051
7835 3735
9342 1812
7133 1012
7124 3084
127 1448
7618 2475
3992 5510
6268 4730
1641 9626
27 9733
9680 5108
6962 2
8049 5202
7147 7701
1009 9266
7675 3635
8275 7446
9605 7628
6696 1245
4348 8906
10 3283
8953 6705
1648 9519
7169 6570
4321 2686
3193 9243
8393 2350
7176 4458
3739 9210
4552 5170
6417 7497
571 4177
4230 2588
4868 7539
8395 6886
2407 3940
6732 7892
7539 3131
4690 2575
6719 3487
5946 5806
6588 2877
6490 9593
9233 2699
6255 5932
46 5050
4592 3142
4360 6053
5200 3866
7230 2892
6622 6690
3497 5784
8414 9297
1266 3100
4975 4169
9919 5351
4852 7410
2689 8356
8857 7006
3607 3104
5671 5007
9564 9284
7177 8406
1605 8511
4117 1345
6455 2402
1338 8425
4495 932
5510 1917
632 338
2601 784
4733 6407
8247 1372
6644 6512
7392 5898
8291 7958
9570 5623
9037 7332
848 281
6016 5092
6918 7835
538 658
3493 1708
7086 3484
8180 1169
4156 1603
3469 8567
8461 6586
5063 6236
2642 9377
893 9402
5592 5752
1125 3554
6696 2039
1512 4747
1066 7680
9359 2049
3794 5640
8239 2828
7903 6718
2394 4191
2657 5881
5204 4244
5675 7697
6249 4131
3648 2169
9583 3259
7908 6027
9835 2029
7619 5552
3881 2205
9592 1849
1972 7211
9497 3739
6666 9495
3928 5747
3820 6137
3614 6911
398 6040
9280 8309
3947 1347
5305 458
4514 5060
9392 5689
5866 25
9841 5445
2840 4776
2680 2693
3652 2884
6386 7558
9999 5400
3827 6423
864 4791
8155 6783
3500 4583
8814 6720
5669 3711
8515 1506
984 3448
4615 8591
7206 6841
2215 4021
4346 8419
2726 2337
9702 6712
8353 6332
1084 3612
7156 6205
568 7682
5206 4010
9150 2513
708 87
6420 3061
5123 3157
2269 974
4111 1053
5675 4003
5920 8723
2497 6275
7152 7788
8250 5114
4633 3785
5387 5558
9076 1315
619 8985
6308 6762
4879 6721
3895 8713
1422 4721
1917 7508
6392 4969
7339 4133
9871 4220
1310 6942
5612 9598
7106 7229
3346 8728
1737 7752
522 8030
3853 3346
4196 9604
8234 7121
9665 9521
8646 4094
2224 6798
4456 103
2651 414
9989 1734
6862 3500
2644 5533
5651 1007
1335 5264
9950 1836
2520 7070
6168 6175
1998 3162
1447 966
9191 2625
5427 441
2611 3033
6098 7987
8549 6420
5318 9247
3224 9351
2928 9185
8931 4815
1557 2238
671 7094
270 9730
8396 9390
2255 7191
1412 383
3323 356
3877 6732
1138 4641
7836 2941
108 4906
4490 3224
8966 4238
5572 179
2641 9008
5721 145
2621 2152
8816 6933
604 8593
2151 2447
6585 4770
8328 1723
1909 2826
6812 2112
1380 3841
6883 214
5695 6944
9491 9390
5049 2786
6897 9608
6313 8162
1545 9532
2685 9248
5081 3480
348 6043
3089 3804
4390 6858
9244 6008
9913 4872
8198 9357
79 9837
6168 3434
9227 8787
8879 2764
2602 2818
4672 1684
4347 2313
8909 5891
6716 5275
9061 3927
1902 6509
2663 2041
6527 1267
9211 5294
5449 2748
8583 1390
764 2186
2513 3447
6987 9227
8188 7740
742 132
4658 731
4077 1418
4791 649
267 8735
9781 7830
2672 6184
9766 2551
6992 4604
7843 5015
6530 4180
8831 5524
2996 6323
37 3082
9983 1998
1086 3646
4157 16
4378 4559
952 9610
8668 9379
633 8282
9657 3488
6098 7616
8539 8269
5436 5964
5042 4925
7909 6762
9146 2850
9026 8403
8908 4193
848 2017
4414 9544
139 238
8505 7198
3235 8639
962 3552
5120 2211
9714 5875
6486 8667
5452 9260
873 3226
8454 6021
5422 6428
3534 2750
6979 1522
9261 6491
171 9771
3320 9542
9529 7272
8128 1936
8342 2064
748 866
4283 5289
1353 5134
5214 2192
338 500
5335 3166
9542 9472
4383 8744
1345 3755
8820 5516
8007 5002
383 5023
5425 4863
8714 490
1404 3559
325 7653
9289 9156
5106 7726
7423 8042
1275 1642
5502 8966
2839 7912
3769 2231
1736 6689
2531 2423
3706 9122
979 3505
8390 5525
2053 9286
3950 4157
304 5074
7397 7947
4821 4742
7147 1670
7545 5690
596 5801
5803 1574
5665 3587
4051 3202
2652 5194
7019 2637
9083 4397
8667 7163
4157 6439
4095 5333
6907 4150
9164 3832
3872 614
8881 1250
5519 9841
4586 2736
6691 385
4086 7824
4314 3293
8962 192
5314 3765
4988 2088
9898 7208
2119 9926
3937 763
2778 7818
1891 7497
4406 6255
5725 492
7064 1791
7625 9654
5973 7568
2622 5902
4690 7079
6845 5503
6176 3760
9160 1660
3345 9623
6026 8992
3134 9267
569 4291
2029 1694
5622 9680
8458 2780
2061 5907
9289 7666
2770 1933
9872 3170
496 9007
974 7169
4838 696
627 3878
1510 6187
9750 3416
281 9999
1425 9792
1987 1252
2553 2673
5717 4236
9985 5488
3338 9874
7748 7903
5840 6158
8240 23
7770 5035
4506 8367
5601 8619
9588 3194
6185 5369
4465 3222
9189 7373
6043 820
2842 9075
6485 2695
8867 3349
5556 4527
2963 4350
9929 1343
6124 6763
4605 637
2634 5066
7419 6212
300 4735
4645 8594
3988 6297
5696 4542
6391 2342
7739 3845
2957 7735
1749 5860
4431 7791
3265 7141
1268 4002
3215 3933
4355 1080
4532 7544
951 11
1529 8505
8934 125
163 7379
1037 6929
2525 9487
7836 1763
5369 6667
4440 8234
7250 9170
7714 2092
1648 9466
8563 1572
5720 6219
4242 7012
5088 4083
2119 8038
4992 6344
442 6120
9301 7967
7661 2991
4382 3831
6976 5291
8463 7937
3332 5472
5580 5064
5407 541
7496 1438
8826 2855
3682 4138
7713 9693
5631 2733
6721 736
1804 1938
7405 1145
7511 8273
1527 5137
7764 5252
3745 7279
4186 5684
715 7744
9251 5346
5035 1153
7886 2514
5260 1403
4482 807
9806 281
6084 5557
3330 753
5991 1531
8914 5622
4262 5612
1507 1022
5646 2625
2979 4285
2449 7527
1560 9549
8318 8743
5606 5421
1791 5580
6471 9264
9885 2571
863 7620
2835 670
426 9899
587 9916
1402 7965
9710 2721
9119 1379
4972 3248
4282 9711
1150 4495
5853 2446
2471 4284
1603 6843
8158 5515
3513 9294
8890 5760
4832 5623
7323 8033
1433 6104
3674 8309
6543 2458
5897 6880
900 546
1832 8662
3484 5463
4183 416
2962 4453
8876 939
281 660
868 880
5698 8588
9847 7054
249 3451
8787 4920
8058 3262
1627 1249
2115 9022
2415 8363
6565 7155
5166 6431
1082 8209
1070 3122
984 1585
3240 2276
4235 7715
9920 1351
6854 5593
8983 4905
7278 6740
4324 7550
5184 8961
1225 4151
3697 1464
4367 9975
3431 928
5159 8573
4123 2343
2622 2337
8520 1176
3023 7281
344 5693
2826 5344
3023 8892
2645 651
1698 8989
452 9359
7819 6176
7972 1901
4215 2845
994 1987
2775 5559
5981 6123
777 9817
4014 5625
154 217
9212 9071
1412 4369
3231 8689
375 2422
7283 3417
9316 8064
2768 399
1066 836
395 8577
6173 2027
2191 3507
5326 1821
7067 9163
4948 5339
7934 7147
4931 9137
2269 3028
4179 213
561 8095
9568 2950
2778 7450
8662 6254
7309 1141
3533 2094
3165 6414
3520 7596
9241 9644
4531 5050
7309 5838
5158 6818
5217 3508
9134 178
5403 7588
7282 4063
5077 7055
4036 2080
6769 3578
349 9937
6889 2011
6555 4128
3982 4033
5585 1764
4596 4298
5891 9720
3348 1877
4209 5452
123 758
9633 620
179 8060
7323 7709
3133 5884
2861 8788
1332 4484
2723 1346
3232 3621
9129 5161
5670 4780
8925 7660
3201 759
8870 5322
9834 2223
9170 8589
5636 9579
2109 8889
1243 2215
265 2792
5184 5801
7087 8652
3276 6204
9991 9454
9351 4620
2335 6052
2614 8073
1870 737
7740 1915
9114 9114
4920 7649
717 75
2083 7208
2350 2513
5095 1297
4118 7133
1569 9085
6100 5840
4820 3944
3835 5981
829 6584
951 9696
2478 3560
4595 9557
4404 8278
6500 788
323 8291
8965 4252
8928 2981
1603 9587
2377 3032
937 7234
2404 1333
5027 7329
5451 1023
6572 4226
250 1470
8668 6897
3557 5186
2549 8333
1486 2219
2920 2585
9073 9699
4669 8431
1246 5076
6530 3664
4854 2812
1036 8527
4478 3658
4306 3555
3210 4243
1473 9255
6416 384
7846 1572
1814 4107
7751 1674
1314 9148
4084 7545
5219 1086
1358 2252
6003 6196
8009 8188
5980 4232
4002 9222
907 7597
4322 9611
9843 8161
5538 2762
9076 840
8521 5613
1113 460
9056 4783
7105 8733
6554 8769
2359 2948
1909 2548
632 6309
245 7739
6261 7654
3091 4535
7559 4994
7175 2436
3877 7910
4764 1533
5624 3860
501 7358
8058 893
15 4179
4152 3439
684 3838
5025 9252
7285 156
7344 251
6403 4174
4489 1882
5652 7219
4399 6875
7734 4226
4672 4836
4289 8309
5805 1492
8855 6691
6841 4170
7278 3020
9370 5216
2095 2524
317 4410
5535 3251
6528 9905
9305 585
5447 160
5255 1316
8201 4625
3451 1455
6253 810
4093 1275
1858 9472
9615 6779
9744 3510
9263 5204
7928 965
9902 7549
561 9677
3797 5661
1735 3141
894 9459
3582 7747
3460 1096
8272 5736
4330 7065
7622 5268
8988 2175
2517 3414
5448 9990
27 9393
5069 1868
9744 8113
4221 7882
1602 1214
8282 6728
7068 2585
6857 8396
203 2757
1319 4594
507 1465
6905 9125
9093 2413
9998 3075
7673 2149
7991 6938
9348 1753
2378 6539
5857 428
139 2213
9213 5380
7103 2252
2064 9276
6397 4047
9188 1234
3072 3004
1092 6165
5801 8731
967 6470
6644 1483
475 1870
8546 6029
6617 3460
9284 747
7999 3876
8741 1230
9179 3628
4 500
3441 8014
4984 3923
956 4373
3107 4293
1682 9863
3780 8218
5478 6550
6165 182
5240 4382
3392 3841
2695 5768
7560 7040
5167 9516
7827 7033
5335 4880
571 2845
3920 3793
6841 1463
2414 8314
5768 2819
3796 3118
7197 8245
4488 5142
3668 6380
4277 7562
5791 443
754 8648
559 78
4533 2474
3872 8541
9047 6767
3752 6546
5223 2965
2202 3498
8871 3376
5513 4303
4914 6635
9134 5576
9683 8275
7782 2846
7488 2666
9351 646
4776 8665
2223 280
7073 3009
4259 2033
2210 7477
1340 5270
5489 7593
8223 582
1918 4826
9989 8239
6080 96
4592 5469
3893 7761
8057 7707
9226 7050
2679 3166
9636 7491
9357 225
2693 8283
8437 6040
2340 1376
3077 1344
9398 2436
5182 5443
3255 5059
9842 7626
3841 2919
5701 8741
5738 2303
257 9690
636 5768
6036 4993
7654 2972
936 2584
9472 8961
2346 977
2494 6474
2860 1662
6735 7668
8983 276
5006 7120
4052 6964
3279 6712
5495 2614
4443 9947
5110 2980
9058 3518
3725 1503
9002 3064
1883 4144
9797 4507
4586 4426
8331 3095
434 6232
6251 3227
1358 1710
4733 8971
2522 6247
8740 1150
3796 2043
6410 1862
6074 9859
7227 1930
807 5332
1298 1299
195 4824
7392 785
3949 8620
9255 8252
8289 6474
580 8648
5268 4792
5960 115
3617 5899
6548 9424
4935 6292
7445 4181
2432 5510
5284 8394
7131 4181
5643 1320
7824 7039
1349 7728
9262 4579
2416 5101
7988 75
7926 6921
3462 7539
4201 8901
5620 5253
2745 8222
4592 8105
7571 4693
7891 5783
2011 312
4086 3593
6814 683
3507 6369
1998 9410
2149 7187
804 5471
2758 7758
8944 1043
3533 2941
2561 5855
7764 2979
6503 7796
8897 1590
7627 3621
8546 339
5209 8649
3595 6938
6882 4888
590 2669
2329 3076
3836 5801
8511 612
8262 842
10000 6648
1135 6471
9662 1129
8389 1873
3341 1594
9255 9859
7499 1025
7587 7233
6928 1023
514 1638
4394 172
653 8696
9054 3584
4883 4509
844 8911
2288 6709
4734 1042
2588 3775
9433 4937
5776 9582
1840 8138
9264 1454
6634 1898
9945 7187
1915 1510
5586 3454
3182 8308
7145 9324
3412 2633
4185 224
6783 8940
7984 5546
7518 491
2438 5878
8047 6659
5732 2931
9765 4756
9923 8781
9726 5049
1289 6576
9091 4753
8280 5694
5506 1491
9544 3941
3273 3755
3042 9604
1918 8677
3544 8453
3239 4321
5339 2639
7444 3610
7324 7315
7177 6518
9913 9623
9520 406
50 2226
550 424
5224 360
5172 9913
4456 8
7206 42
1350 5196
7512 2394
3509 4072
4472 8966
2894 1682
9170 1501
5845 7081
4485 1361
2836 7372
9809 67
6131 6116
3760 2209
2118 9672
3164 201
234 8214
1180 9658
8058 1262
4873 2499
5107 6850
1625 8867
8205 5810
3421 7436
3476 3021
6077 9483
4513 9560
7636 6977
174 441
4923 2582
4964 9155
9925 5430
7653 6471
1480 3454
4242 5603
3522 847
5196 840
2084 7686
2937 3791
803 6792
5877 7509
3795 1246
4015 1210
5296 7155
9159 1016
1799 6093
5796 5966
1553 317
3902 3529
6126 2808
1197 4799
7416 8693
2906 5654
6029 8549
5742 7019
126 7588
7343 4648
6751 6044
3201 5134
5950 2088
2496 9799
9743 6733
5686 3165
6808 9858
7687 9207
4483 2703
4052 6038
7539 8388
1761 6512
7740 1883
4907 1228
8834 8184
5551 2421
452 5367
5853 383
5367 3922
7746 7317
6627 1426
3272 3483
4037 309
3041 1697
648 9211
6698 2728
4735 6409
1475 4862
8371 7511
4956 2072
1982 6435
2979 7773
4296 133
1076 4539
5425 5175
6801 2323
9006 7221
7457 7055
6623 7716
5571 6267
415 7066
9498 7496
6203 7752
7867 9441
8620 8064
2151 1598
4812 7336
4903 6728
9499 2417
6760 6123
6896 4004
8483 899
2812 3030
6276 7607
6084 3707
8724 8161
4997 192
9484 2629
2632 1722
1662 6008
7895 4309
2225 8731
726 7217
557 5554
4863 5567
8630 8286
5378 3926
6824 4910
7448 2692
7110 5613
785 4565
3911 9489
7878 7018
9031 5880
9158 9111
7489 5885
6518 2671
4743 3810
5704 7029
1108 8684
5974 3505
1927 6197
8502 7571
5569 8000
5497 4173
9497 2953
1480 2955
6405 7518
9277 626
7273 8600
5932 5620
4324 5845
9188 3770
1520 6746
5473 8420
1110 2394
9210 4452
1214 4795
9958 4968
5689 5231
3890 3602
6428 1816
9419 7460
85 7740
1906 7768
908 3413
3127 3855
5306 9394
1090 4923
988 9869
3958 9658
3851 9914
2392 7461
7803 4790
2631 3450
2500 2631
3761 348
8424 1893
3355 1629
3603 1724
1189 5618
2061 2937
9901 393
6874 6287
6860 9824
7105 2083
5678 8484
8760 4790
9239 403
7574 6504
7370 1160
3214 3164
9546 3860
6467 6520
3417 7341
5412 7447
9708 6203
9281 4058
409 4949
7406 6238
7544 420
5818 8253
4054 5527
9525 1055
2566 4130
3104 2260
2795 2579
9134 3911
5284 2098
3194 9480
393 17
5001 9469
4688 2453
2163 177
1256 9872
9765 162
9968 9422
2369 8998
6994 3514
5172 271
8643 8792
5087 9966
7334 1526
6258 4152
1116 2825
2297 6304
1636 5831
8678 4165
9413 6533
9174 8388
2192 3462
9203 9732
2288 7171
9835 1563
1157 8921
7604 1789
9429 4098
8339 6247
4359 2449
6317 1013
6531 6390
3769 997
3798 2130
3932 2754
7811 5365
2295 1283
4668 8608
5884 3146
9245 9405
3467 7640
3208 3242
1099 9821
5620 9062
3694 3848
6803 7627
3342 3313
3964 1939
542 3796
5654 2851
509 2606
6131 1972
595 4280
3808 3447
6474 384
3610 3468
9058 7600
5185 8240
5838 6532
2766 914
8739 3572
7863 9990
6037 525
8953 9794
2956 4631
3242 6391
4529 623
3339 2578
6097 2145
368 2765
3910 2851
764 8403
6221 2212
4978 8335
6814 4554
378 500
8159 3305
3804 6982
7595 5507
288 9744
6348 7261
9479 7718
728 1085
5766 536
4313 3901
8516 9553
4107 1250
2960 9924
1817 7649
9540 9214
3887 4709
7481 9209
1387 9420
8851 6372
4759 16
5494 431
7513 4884
8349 8162
6905 2262
7378 7680
2336 5544
5092 8798
8321 6167
9589 9681
1940 8167
1596 7979
3071 9737
6285 395
6114 8543
2857 5306
7886 2140
4890 6611
3850 7649
8256 9662
665 8415
6410 9764
8084 8907
9379 7845
5380 6001
7596 5584
8438 8197
254 2823
8160 9858
6404 1976
7374 1451
7868 6749
7175 3041
1783 377
2857 5014
780 6077
6450 7835
5991 7554
5721 9187
1134 170
5977 9009
2046 4459
9977 1853
7315 3084
6479 6548
732 7728
2754 7687
3276 2681
351 154
2898 7894
9618 8090
7612 5979
9795 7932
4252 6544
8137 6657
8015 5437
8852 6391
12 4897
3255 3114
663 4723
1467 2269
5914 8754
8107 4550
1535 643
6284 7482
5356 1378
5648 1718
4786 4364
399 3296
7483 3598
56 1399
3630 1563
3956 9544
8764 6885
866 5013
4444 8459
2916 7138
3218 3531
8377 9032
6734 2980
7567 9131
6486 749
6808 6032
4110 3592
837 6215
184 6142
8297 2866
6864 1676
4752 1300
4856 7607
9557 3196
6785 6387
9866 3727
3303 5479
4942 7532
1663 3014
2915 2588
7064 9696
3532 9161
8388 7671
9978 5407
9596 4491
4631 735
5902 7762
5973 2421
7007 2105
9352 6116
7766 7863
857 2851
3797 1715
1529 9454
4554 3060
3425 8900
1471 2195
2656 3107
5125 3404
2362 7753
2451 7670
9931 6151
5283 5269
9354 3856
8757 2140
4404 1529
2594 1651
6449 3755
8335 1508
8307 2297
6763 3202
2099 1161
1452 9886
6371 4062
7534 23
183 879
8754 3536
6023 4424
812 1111
4198 2641
6205 8567
3047 5976
9947 435
5014 7125
9399 8713
1800 963
9761 6019
9142 2345
7473 1041
3554 9686
554 7709
6358 9108
9094 4448
3466 2699
7283 8106
3962 9086
3859 4296
6589 4527
3013 3120
6931 5703
2385 1145
2374 8770
3496 2251
4118 4113
5361 3534
3292 6079
7602 9009
9984 2272
8283 3778
6656 3818
6412 124
8309 6385
5787 6478
6928 5674
115 2717
6612 4906
7856 4744
8344 6704
514 6873
4991 2192
4456 7482
1587 7420
3922 7595
4212 3889
9326 8960
4353 2566
499 2124
1597 2793
6533 4684
1743 1473
2454 4439
6775 7663
6856 9610
7406 4319
1952 2702
3710 1172
7874 7458
1856 599
756 9454
6625 2633
8681 8277
7544 7433
9477 5743
2707 5687
5189 4906
1164 5091
9884 8389
8757 3084
5732 9799
7598 3953
850 4125
3613 1150
1080 9612
603 9065
600 4787
99 6882
640 3771
6000 6397
3718 1428
2047 7419
6280 3597
4553 6708
9870 3278
1533 9153
9017 5747
9813 3403
3095 8989
5183 6581
7831 4099
7665 8707
6151 2789
8595 6864
5963 7917
7007 1449
3968 4238
1863 698
6342 1692
9371 3489
5124 1918
9438 5936
8592 7593
233 3908
328 6039
8809 2759
6728 427
9752 831
6362 6156
2629 6324
4569 7993
9188 8702
1582 4834
6537 2603
2675 8710
2068 2199
6528 441
2652 1787
9181 3446
5653 7296
6497 9217
7712 7548
4704 3676
9070 3083
4813 812
7612 9477
1575 9191
7660 1148
1644 788
3278 7421
7638 2393
164 9517
5526 1595
8478 5535
1694 2010
4821 3249
1520 5505
9400 9873
7291 6976
6762 5492
3861 5195
1778 5904
6965 513
4047 3486
3495 8541
5640 6487
2905 1275
2191 3686
4577 7580
7794 563
5591 1076
4146 1640
5248 7251
6613 1531
4279 6795
8888 774
5278 812
4982 8643
5001 9815
5669 3866
4326 9884
5658 8535
8748 5802
4017 7979
3772 7708
5305 5785
6476 2528
4714 3240
7614 2903
9674 1631
6011 2817
5101 3540
3672 3443
6930 544
6467 35
5184 7115
1419 2367
7780 428
6090 9956
754 166
8426 8747
5239 8163
4932 5289
9375 6581
4342 2947
8750 312
3267 8475
5536 8991
469 7844
8218 8886
6299 2329
4423 1513
3677 4867
8760 3380
4060 6542
2756 2630
9399 9878
4249 8388
9436 5353
5399 9515
5625 2827
531 2143
34 9237
9003 8545
9974 7126
483 5054
2729 2834
9228 3039
8541 5716
9774 1042
9651 1810
7534 3539
9379 2447
9143 1157
9028 874
1065 2352
268 3527
6265 8793
780 8180
4517 5104
5164 4766
2469 9636
355 281
1043 8679
8765 8616
9523 5793
2076 8742
4096 7524
9500 4943
6897 5761
9416 2324
9235 3340
6992 6136
1502 2817
6249 8969
2164 361
7557 2898
4432 816
6609 2476
2459 3988
7899 5541
558 8874
2193 5726
2720 8236
8092 1815
5722 9796
8595 8476
6481 7587
3581 6663
5626 1626
3789 8625
5816 2462
3185 1877
4777 786
2712 3339
8798 2486
2306 9606
3947 4047
4043 9007
4640 8229
2674 1288
2393 3231
4889 9457
3010 9914
6339 2415
4827 9966
9432 4268
9424 1185
8039 9254
8815 7145
6509 1560
8020 2372
9418 3465
7378 8846
3728 9354
3254 8200
8527 5741
8406 3833
1490 1815
3236 5627
869 1555
5440 9643
621 5978
2864 7051
4828 3424
328 4737
6300 6941
3608 8023
615 7607
455 8810
1551 1995
857 9663
749 4912
5010 908
6503 6832
9553 6287
2453 3806
6022 1519
1770 3142
9584 6377
3786 2812
9123 6451
7412 6795
3569 113
9767 5407
796 6720
1285 3625
2988 4219
5580 7490
1212 4354
8585 1773
6525 9393
8343 2128
4891 5127
7621 542
7179 5140
5443 4790
2699 4482
5778 3620
4930 4660
4220 6150
1393 6946
5340 8550
976 4236
5059 7636
2929 5712
9563 707
3420 2770
2676 7724
2294 3139
8301 1194
4784 7185
383 5290
4965 1210
7289 7133
2740 3919
4625 836
9000 6059
2366 7056
2387 6089
2079 2766
1420 2335
5001 5894
477 4231
5536 910
5857 9493
3713 1661
71 500
6843 5198
3798 2539
4294 8428
4838 2422
5105 6945
1298 357
7233 2757
9752 5728
7969 1942
1500 937
7461 8831
1033 9984
2267 1491
2748 1252
4032 2278
6825 2742
9668 4220
6689 7437
9585 5178
7048 8502
9049 1725
6401 2409
5487 8385
7406 1162
4453 8571
8042 4042
8906 6440
3978 6783
1901 7771
7321 2995
9725 4130
5047 3168
8257 8241
2634 3901
3820 6300
9236 156
8352 2454
1049 5136
1818 5856
6154 2871
9162 7994
3427 4984
1807 12
6461 97
3333 8897
5205 8804
2951 6000
8020 2505
4639 9395
4444 4476
4650 6963
9909 2210
1367 5590
7006 5115
2400 4993
8134 2485
841 1204
6896 1597
2434 2457
4854 7060
8703 9238
1705 5908
3962 7046
1143 5157
2108 7610
3005 774
253 7380
5671 8645
1612 2230
4768 5960
1551 9684
5685 3905
3911 2600
1084 399
8154 8230
2824 8495
5616 264
9236 9705
1927 2054
6374 871
6686 1130
5165 1582
3926 8525
6126 5521
6573 8933
3447 987
8736 8298
4097 2837
7162 2102
1668 6297
4080 9158
6640 1627
9186 7138
6688 2707
1346 7665
968 9586
2559 945
6586 3686
5938 6272
7033 8258
6801 8983
2423 6605
3432 2993
3843 4621
3355 3317
754 7930
1616 2826
6219 8325
2941 6164
2901 7276
9376 3561
865 5490
5452 6788
6582 6102
1288 4403
7918 9663
4476 7562
9911 629
2257 7613
7815 2473
9159 3654
3242 4148
2102 7498
8748 3376
4723 206
9579 5497
17 2389
6002 5921
3137 6088
8849 3808
4294 4362
9708 7458
9769 5447
1476 5518
3778 3479
6368 8659
4432 1126
8258 7221
3955 6465
4987 4382
268 4855
2907 9741
4771 1659
9517 2834
3465 173
1574 8518
6732 2545
7477 2038
4691 321
765 5941
6101 5900
6185 895
927 6840
5841 1243
8322 316
3786 8353
6728 7898
5260 8626
3932 4552
4444 5456
533 4480
7486 628
1348 1298
4575 948
4920 4115
6871 7596
4482 865
8209 3728
6765 8879
9841 8316
2197 9623
4503 5568
6292 7666
7028 1594
8900 2293
6442 4057
7551 1855
7091 3287
1606 5165
9171 6334
3281 6528
4894 8326
8540 1532
8835 4114
6347 5055
2963 8996
808 9144
4483 9716
1119 643
8447 828
3444 1361
1037 696
5281 7136
3701 5205
3662 4542
9902 6100
650 4870
3615 7826
7558 579
2788 9853
7315 6937
8140 7889
8684 2162
3530 9448
6265 6937
84 1689
3007 9163
8355 4627
8085 5887
7409 192
6819 2191
7785 8808
2107 9047
1983 1533
980 8717
4761 9357
3212 6400
429 6215
1371 8901
1829 992
2013 6963
8553 5816
811 3906
9437 4736
365 586
2061 9692
552 4763
9051 1716
8186 3918
8302 4153
4164 2203
9716 6528
5279 5389
4257 1763
7455 6720
4982 105
3564 9902
4743 5150
4053 1384
2798 7692
4592 6370
4632 3262
7858 5490
8806 2825
1937 3311
2276 1029
5259 6677
8591 4037
2477 7375
3850 1032
1978 1344
9144 8561
4234 3295
3401 4201
7087 1901
49 1791
850 5600
8644 2343
5012 9106
7967 5020
1157 1095
6944 6409
4750 7377
3847 9080
4949 3841
1988 8548
6369 5008
2468 4608
3162 2904
6948 9483
7081 3190
1340 5826
8981 7387
8830 3238
8270 1816
8802 7935
101 5614
5617 8701
3292 2156
298 5420
8657 7445
8556 5343
364 2271
8432 2781
6932 47
1329 4815
6820 1089
8285 6778
3161 4127
2034 1788
9799 3279
3880 7241
513 3940
9994 4057
1741 5705
6734 3757
1581 8085
8668 2135
9787 4112
7383 7614
973 9353
9913 449
8747 9952
3652 9528
835 8048
4556 295
3943 7332
1347 8654
4361 3331
2362 8580
753 5737
4253 7871
7685 4235
4067 16
6162 631
6911 1907
7266 3844
4207 7322
2707 7544
1981 1784
9589 9676
8104 8657
4711 8074
2155 6650
4538 1082
5611 5453
3864 5146
7807 9992
8878 2953
1940 4560
4248 2826
8533 2117
3707 7462
1094 1271
8562 9146
4386 9561
4894 8845
8251 9043
1311 8927
2005 692
9855 8595
3426 7065
9295 9574
1763 918
6390 950
7904 5947
4229 7677
4838 7674
4320 7788
7266 5449
9738 4456
7192 6606
7058 8349
212 8794
2094 7890
6364 2725
1574 8185
4550 6669
8894 2807
5457 7485
839 7734
2367 8599
3099 2871
8389 3141
7888 2754
3784 18
4761 406
6026 8499
3911 1478
9995 7034
1996 6005
7184 7786
6146 7095
4388 8281
3934 369
2992 6907
4877 4408
4927 2303
8378 3578
3496 4781
4135 6752
3070 4967
1723 666
5537 9228
4994 4053
6985 5525
9532 5847
2688 772
3953 1358
8831 2596
5283 5668
4467 3112
98 1953
4709 7863
2038 2812
9677 3291
6622 7079
7099 5089
3433 9241
2846 2693
1337 5931
2033 5457
6385 3902
2185 271
2236 5014
2536 9360
9104 9761
2497 3006
4363 4267
5377 4480
826 5711
5443 6181
8797 7730
3917 3234
3120 7263
968 2439
4923 7009
7673 5883
6636 7064
8016 3995
5712 217
1938 10
8248 907
308 5583
2506 3573
6486 3056
634 5580
8072 8662
6704 7405
3381 4031
8924 8293
1156 4470
8756 4521
164 4381
7228 1773
8837 7715
2136 6767
6558 8204
1115 1111
7296 9468
9431 4160
7333 5668
1837 4573
4920 4485
1844 3174
7884 3267
7803 501
6682 7472
6716 9445
5317 166
2537 7254
4114 7648
4835 9273
874 7759
3892 9367
8821 471
8033 1184
9448 2152
9029 5269
797 2891
281 9628
5191 3401
3747 6772
2512 7607
7245 6782
1293 8431
8348 1515
1457 2708
4163 9225
3995 1487
5753 6798
7600 5969
7989 6905
4733 8777
6409 3134
3490 1923
1746 9249
9516 7023
452 9671
1473 4032
722 4343
9252 1870
746 3591
8546 8933
7438 951
9491 9551
112 7417
6686 6579
5418 5599
5781 3909
7151 122
4415 2278
6820 4832
4820 3674
6941 8224
2656 8247
1914 5125
4087 85
5631 2065
5105 5741
