174
1 1 5 5
0 0 1 1
50 48 0 0
0 0 42 36
0 0 0 1
0 0 0 50
42 0 0 0
22 22 42 22
0 0 1 50
10 49 9 34
32 37 37 48
45 19 5 31
20 19 29 22
45 30 40 31
35 8 36 39
14 5 8 4
31 28 17 15
27 0 23 33
37 10 4 31
3 9 36 23
2 40 20 47
44 9 2 28
43 38 17 6
17 50 10 22
27 27 38 3
2 35 10 39
19 14 45 48
48 30 20 0
44 14 21 38
49 48 15 41
35 6 21 2
5 31 24 33
32 36 10 34
46 21 48 14
9 16 11 7
20 6 32 14
45 27 1 17
25 41 32 34
48 2 10 2
7 9 9 40
45 20 48 14
15 19 3 49
35 39 30 5
19 11 44 14
13 45 5 38
9 38 21 6
40 32 34 48
15 17 11 34
11 33 49 26
1 1 1 10
1 1 1 4
25 3 25 34
2 3 2 33
0 0 2 0
0 0 0 10
2 5 2 8
0 0 50 0
2 6 10 6
1 1 1 23
0 0 0 3
1 5 1 20
1 1 10 1
0 0 0 5
1 1 1 3
5 7 5 3
4 1 4 10
0 0 0 30
2 0 0 2
1 1 1 5
50 3 50 34
0 3 0 5
1 2 1 5
0 0 0 9
5 2 10 2
0 1 0 50
2 2 2 4
5 0 5 18
1 1 4 1
1 4 1 1
0 0 10 0
4 0 0 4
0 0 2 8
5 10 5 11
3 7 5 3
1 2 3 4
2 2 2 3
2 3 2 5
1 5 1 30
0 50 50 50
0 5 0 10
5 7 1 7
0 1 0 49
0 5 0 50
1 6 10 6
1 2 1 3
0 0 0 4
1 5 1 6
0 2 0 6
1 0 1 50
50 47 0 0
0 50 0 0
0 13 0 11
3 5 3 4
0 5 0 40
0 6 6 0
1 3 1 6
0 3 4 2
0 0 49 7
0 1 0 2
2 5 2 10
1 40 1 10
20 0 10 0
1 0 7 3
50 1 50 2
0 1 0 3
10 10 10 0
1 49 20 33
10 10 10 20
3 6 3 10
12 43 2 17
20 25 45 25
50 1 50 25
1 2 1 4
1 2 5 10
0 10 0 20
10 2 10 23
0 2 0 50
1 10 10 10
3 3 3 0
4 1 4 3
11 11 11 50
10 0 10 20
10 0 20 0
20 20 20 30
0 0 0 1
0 1 1 2
0 1 0 5
50 50 50 48
1 1 3 1
2 0 50 0
0 5 5 0
1 33 1 22
0 0 1 0
1 2 2 2
50 0 0 50
2 4 5 4
0 0 0 48
2 40 2 30
1 1 5 1
2 3 2 1
2 1 4 2
14 11 0 0
1 1 1 13
2 3 2 8
4 1 4 5
0 0 5 0
0 5 0 3
5 1 10 1
50 48 50 50
1 1 4 3
1 5 1 3
5 10 5 12
8 1 0 10
0 2 0 5
1 10 1 5
3 5 10 5
3 7 7 3
50 50 5 15
2 1 2 2
0 40 0 50
1 3 1 9
21 19 3 49
1 0 1 10
1 43 37 1
