100
10
0 4 4 4 0 9 10 3 5 6
19 18 15 16 16 19 12 15 12 11
10
6 10 2 6 2 10 9 0 2 8
13 18 12 19 14 15 17 14 13 12
10
6 2 6 4 10 10 7 10 10 2
19 15 11 12 11 13 18 16 13 16
10
0 9 2 10 2 6 10 8 5 1
18 19 11 18 14 17 20 14 12 11
10
5 6 8 5 5 10 1 10 2 1
17 19 13 16 18 11 15 20 12 18
10
1 10 7 6 9 2 4 10 7 8
20 19 13 20 12 20 15 17 16 15
10
5 10 6 3 2 2 4 8 5 1
19 19 19 19 17 18 11 17 15 19
10
4 8 9 10 2 0 2 4 4 5
14 11 20 15 17 13 19 13 16 20
10
9 2 8 4 3 0 7 4 7 10
18 17 18 12 11 15 12 20 15 12
10
8 2 8 9 4 4 1 2 4 1
12 20 16 11 11 13 15 18 11 12
10
1 7 2 1 7 5 5 8 4 6
20 16 14 11 12 14 13 14 12 11
10
0 0 8 3 5 6 7 8 8 1
19 12 12 12 16 15 13 15 14 13
10
8 3 8 9 5 10 6 5 8 7
14 20 11 14 17 12 18 11 15 16
10
2 10 8 0 3 7 0 3 9 2
14 16 20 17 19 13 13 16 14 11
10
2 9 1 6 1 5 4 5 7 1
20 18 15 11 15 12 14 20 14 12
10
9 0 5 3 8 10 1 7 9 2
20 14 18 18 12 16 20 14 15 19
10
1 3 9 1 5 1 10 0 1 8
14 15 20 11 18 16 15 14 18 16
10
10 10 4 4 9 2 4 1 10 4
15 16 14 15 12 12 19 15 17 20
10
10 1 0 0 6 3 10 3 8 3
20 12 15 19 18 20 18 17 20 17
10
2 2 4 8 10 1 10 9 10 10
19 20 16 15 14 11 17 19 20 13
10
4 2 10 1 2 4 3 3 10 1
13 19 15 12 12 14 19 16 19 17
10
2 6 7 5 10 7 6 8 2 0
18 12 17 11 13 18 20 20 16 14
10
10 1 4 10 2 4 1 4 4 7
18 14 11 13 20 20 16 19 15 19
10
8 6 5 0 3 0 6 7 3 9
18 12 17 15 12 20 15 20 14 14
10
0 7 4 4 2 5 1 2 0 3
20 14 12 16 16 14 19 18 13 20
10
6 6 2 2 0 8 3 8 2 5
18 12 19 18 14 18 18 19 11 12
10
4 4 6 3 10 0 2 1 5 7
15 20 16 19 16 13 14 20 13 15
10
6 6 4 4 1 2 2 10 8 0
17 15 16 17 20 20 11 13 13 20
10
2 1 4 3 0 10 0 6 1 2
18 18 12 11 15 12 12 16 12 18
10
2 9 7 6 6 0 4 9 7 6
16 19 16 15 17 12 20 20 20 14
10
9 3 9 6 9 8 3 2 4 0
17 15 11 19 19 13 19 11 12 13
10
3 0 4 5 5 9 5 3 2 6
19 18 12 16 16 20 12 14 18 15
10
8 10 6 9 8 5 9 0 4 5
11 18 19 15 16 13 11 16 19 18
10
6 8 8 8 2 1 5 10 3 4
19 11 19 13 19 14 16 14 18 18
10
8 8 8 2 6 1 8 5 3 2
19 15 20 13 17 11 18 20 14 15
10
6 10 1 10 8 4 5 6 9 3
12 16 17 14 20 11 20 18 16 16
10
0 10 3 10 5 3 9 8 3 10
20 11 12 12 14 14 12 11 12 13
10
3 10 6 3 5 6 2 2 10 0
16 16 13 17 19 18 17 20 18 16
10
3 4 4 0 3 3 8 6 2 2
16 14 14 16 14 20 14 12 13 14
10
1 10 0 1 5 1 0 0 0 2
19 11 17 14 11 13 19 14 19 20
10
2 2 9 0 2 5 8 2 5 2
18 20 19 19 11 18 20 15 14 12
10
10 3 5 10 1 4 4 0 1 0
19 18 14 12 17 14 17 11 19 17
10
10 6 2 6 6 10 8 10 1 1
17 17 15 16 16 14 13 12 20 11
10
10 10 6 8 0 4 10 6 5 2
12 14 15 19 19 16 20 15 20 16
10
6 6 7 2 0 5 9 1 5 10
18 12 17 15 11 16 20 16 20 19
10
4 4 3 4 0 8 6 4 1 10
11 13 19 16 19 15 14 16 20 17
10
3 8 5 4 7 6 0 7 4 4
16 19 20 17 17 18 15 11 15 14
10
1 2 6 10 9 2 1 8 5 5
19 16 13 11 11 17 13 11 14 17
10
2 3 6 8 10 0 0 9 3 5
19 18 13 15 18 15 15 12 15 16
10
6 9 0 8 2 3 9 1 3 7
18 13 16 17 18 19 20 20 13 14
10
10 6 5 1 8 7 1 0 6 8
16 18 14 16 16 20 12 12 18 18
10
10 8 3 1 10 7 1 1 3 6
17 20 14 17 15 20 18 13 13 14
10
1 0 6 7 0 3 1 6 9 6
18 20 13 20 20 13 19 18 13 14
10
8 3 2 2 7 0 3 5 6 10
12 13 20 13 14 14 11 15 12 11
10
1 10 4 0 3 3 1 8 1 5
13 13 14 17 11 11 16 19 20 18
10
3 3 8 3 10 7 4 3 6 6
18 12 11 17 13 19 16 20 11 17
10
5 4 7 3 0 9 9 10 10 3
14 11 15 14 20 20 18 13 14 13
10
0 5 6 9 1 6 5 8 2 1
11 15 14 13 11 11 15 13 18 12
10
2 7 5 1 2 6 3 7 10 6
13 16 17 14 15 17 19 15 19 15
10
5 6 5 5 7 1 4 8 3 0
11 17 11 11 15 13 18 14 16 12
10
8 1 3 5 3 4 3 10 8 0
14 16 16 16 20 18 11 16 20 19
10
10 3 3 6 6 4 4 5 6 0
17 14 18 20 12 16 13 19 19 14
10
1 9 8 0 9 4 8 7 1 10
17 19 17 19 12 18 15 11 13 14
10
5 9 3 5 8 3 8 8 10 3
15 17 12 20 19 18 18 12 19 18
10
2 0 7 2 0 4 6 1 7 10
12 12 13 20 20 11 19 17 11 16
10
4 2 5 8 10 8 3 5 6 2
13 12 15 20 11 15 13 15 13 13
10
1 1 7 5 5 6 7 1 5 6
11 11 12 12 12 17 11 16 14 16
10
4 10 3 6 4 9 1 4 2 3
15 14 14 18 14 13 12 12 14 19
10
4 5 5 6 2 4 1 1 1 9
17 14 15 18 17 13 17 15 15 13
10
1 6 5 1 2 6 3 5 0 6
12 11 16 14 18 13 20 16 19 15
10
1 3 2 2 7 1 7 6 4 9
13 20 19 15 13 13 13 11 18 17
10
2 9 10 3 7 10 2 1 7 2
20 19 16 15 15 19 14 18 15 20
10
10 10 2 0 6 4 8 7 9 1
15 17 14 12 11 19 17 16 13 19
10
5 2 9 1 4 5 10 4 1 8
15 17 12 18 13 16 11 11 20 15
10
6 10 8 3 6 3 9 5 3 7
16 11 14 18 15 13 19 15 20 14
10
6 3 9 6 6 6 9 0 0 0
16 16 14 15 13 13 20 13 18 20
10
10 1 4 2 4 10 8 1 4 2
20 17 17 14 15 20 15 17 17 15
10
5 3 0 8 7 2 6 7 10 6
12 13 17 14 15 12 16 17 13 17
10
3 3 9 2 1 1 5 0 4 10
18 12 11 14 16 13 16 11 18 18
10
3 1 6 6 2 5 6 6 9 8
14 11 20 12 19 17 15 17 19 19
10
6 3 6 10 1 4 5 3 9 5
12 18 20 17 15 20 14 12 19 18
10
6 4 10 3 9 8 10 9 7 1
14 19 20 17 12 16 13 19 19 20
10
7 6 0 5 8 6 2 3 5 6
19 19 14 11 18 15 12 14 19 15
10
3 8 8 1 4 6 10 2 1 7
16 20 11 15 11 14 15 18 14 11
10
0 7 1 4 7 0 2 3 5 3
20 14 12 18 20 13 11 18 14 20
10
6 8 4 10 9 7 4 6 6 1
11 18 19 16 20 16 14 17 13 11
10
3 2 6 4 0 3 8 1 10 10
13 18 16 17 20 12 14 18 12 11
10
0 3 9 10 1 9 7 0 2 0
18 13 15 15 19 16 18 14 14 19
10
6 10 2 9 5 0 1 3 1 2
16 15 13 14 16 16 15 13 14 12
10
10 6 1 6 10 7 10 5 6 0
11 16 17 13 14 17 13 15 14 17
10
0 0 6 2 8 0 6 0 0 0
17 19 20 19 12 19 19 20 20 19
10
4 1 3 4 2 6 2 10 4 9
16 12 17 18 15 18 11 19 17 20
10
5 3 5 9 8 2 4 10 7 5
13 19 12 13 13 16 19 13 12 11
10
1 5 1 9 9 5 4 6 0 4
17 20 14 13 13 16 17 17 11 12
10
0 7 3 10 0 7 9 6 1 9
14 17 12 14 18 14 14 12 13 14
10
10 5 5 9 6 1 2 1 1 4
18 17 15 11 16 19 17 18 15 15
10
9 3 0 9 4 2 4 6 10 0
17 19 15 12 14 17 14 11 12 18
10
4 1 1 10 10 2 0 4 1 5
17 18 16 17 12 16 12 14 12 14
10
2 8 10 1 2 2 1 3 10 6
13 11 12 15 11 13 15 11 20 18
10
2 7 5 2 4 1 4 5 0 6
15 19 12 20 20 14 16 20 18 14
