100
15
9656 3134 5555 65 9250 9271 1301 8222 1013 5908 2562 6798 8688 9863 9708
6693 1829 9717 5285 3016 9300 1389 3766 4170 3984 4589 7747 494 9094 7270
11
1293 9388 4718 6674 2412 2022 3729 8183 9506 7090 7179
2098 2667 8783 3107 6293 1970 5080 4571 7279 3938 1843
15
8462 1180 2004 5244 4702 1222 5879 7597 8236 4049 6302 2306 141 4233 2076
2145 3320 5051 8989 9102 7855 9345 6339 4116 1325 783 7311 7551 1079 9201
16
5509 981 1919 2310 4738 7558 9170 6940 6944 3462 6226 4308 5877 3309 50 5970
284 4448 9368 5199 6593 5740 4633 2461 9862 3322 5903 3414 2666 341 3088 4093
15
6237 3338 7017 3738 1183 121 8128 5713 7688 9333 1558 6416 4237 9973 976
7087 4067 9243 9443 8564 4004 6627 8599 4903 6955 8596 9616 987 7661 1
13
8616 4517 8841 9182 2933 6787 1133 202 577 9769 8902 2616 3296
106 4585 8495 6471 7943 6031 8247 7297 1480 646 5848 2795 8134
7
9403 211 6239 7147 1156 5029 6330
6559 4566 4006 4771 7635 5907 4029
5
3633 9292 8664 1558 5895
3262 2921 4062 2930 3672
17
9488 1010 4452 5950 5704 5317 1851 3208 6020 1900 874 4670 6788 8035 4010 9560 378
2973 8597 66 7468 7783 9956 5539 4414 80 2748 1428 3720 6983 9795 851 3121 6314
5
250 1234 5418 5459 5773
1917 6801 2929 305 5016
13
7238 3764 5546 6496 7276 3143 3641 1719 5382 5525 537 464 1606
7577 7892 6460 6791 2468 1493 9743 3126 8789 449 8512 4690 4745
16
8343 1396 1386 6232 1126 2087 6239 3186 5583 6663 6484 9431 4105 527 786 3199
2883 1220 890 617 983 9191 9845 7608 9141 9586 6187 8748 133 55 3217 7843
2
1551 5799
2764 6292
16
9134 2034 133 6247 7447 4235 3554 6493 106 2793 9951 7090 6761 4922 4339 6939
249 1684 6361 5280 5229 6214 9543 8244 927 2878 4945 8744 9168 3752 604 5772
12
5644 6910 5694 986 3076 8025 1575 2967 9054 3594 1847 5642
4430 8789 978 6619 2914 2454 8041 2626 8731 6972 1552 8535
5
9938 7716 8082 7665 5722
3077 7170 3822 2180 4045
9
4198 2206 8814 5505 9417 8402 2592 2383 7185
159 2238 856 7732 1563 1713 3370 1208 4642
3
8596 9953 723
9660 3251 6100
13
7789 5572 3183 7743 7692 5899 5131 7056 1634 5308 4089 8445 3556
4286 41 7511 7384 306 8915 5506 3575 3228 3793 17 80 5949
9
5870 3452 6885 6441 8792 5328 6360 1925 1903
4155 6665 2741 1389 3226 2735 3526 8977 7026
7
4295 7752 9561 2245 2994 5238 4096
4558 399 9977 8796 1415 6041 9835
15
3854 4872 6060 700 5425 7392 9756 3614 8361 6632 2918 1730 988 7069 6940
9089 6996 9429 9254 5253 7220 7874 8676 8553 6161 3000 8746 5769 5815 4663
10
9576 3684 983 9243 1385 8303 3132 4782 5307 3636
7610 853 5975 3039 8543 3817 2649 113 7628 8139
5
484 1523 9275 7400 8998
4878 7669 5833 5214 4317
7
956 1301 8679 7809 3444 1362 5371
5088 3564 6948 7834 4081 6768 2294
3
1217 5001 257
7819 5823 3174
8
5367 7295 8585 2127 7132 1556 3973 2550
1545 9855 9021 8402 5806 5405 6131 4837
5
9224 9401 1988 5376 6353
1093 2352 3207 7085 5614
8
3751 3377 9018 9271 9257 3466 3763 1149
8661 2553 597 6565 6095 6560 2910 8577
6
5379 9499 794 2329 2541 1312
3077 458 2687 3479 3927 9039
14
1438 1828 8248 1710 5103 6285 1228 6679 8892 9303 7133 8051 5916 8366
7730 9648 8721 1 2896 9497 9767 2344 546 5259 9543 4033 9550 9308
10
4845 5614 258 4057 7960 3744 3665 578 9168 7719
6626 8190 1806 8502 9031 5079 7694 6207 3012 3682
4
4836 1231 3406 522
8212 7005 7066 1363
8
4886 1735 2012 7189 8555 8696 232 373
9390 8996 170 828 4197 8475 1916 8943
9
8957 2349 5122 5430 8830 3524 956 3127 5997
7914 6482 342 9488 35 3481 9833 3583 6667
1
2884
922
6
9475 1467 883 5858 6458 1797
1673 1092 5805 1146 270 559
5
7123 4044 4959 6603 6535
1361 4669 5259 4722 4869
16
8448 6830 88 7530 3335 6726 7138 9928 8207 1852 3243 2120 6294 1327 8680 6324
1892 1163 2252 3107 8129 9696 789 5348 4121 2570 3189 7403 1360 2927 9317 1922
3
5619 2784 8301
6282 6554 9871
6
3593 7002 1578 2933 5572 5236
9725 2749 9453 745 2671 9327
8
2227 1766 2473 9134 9872 1278 5914 7784
7053 9658 1778 3440 1384 6127 6757 8581
3
7732 9131 4474
9333 8625 4967
3
9290 1218 3710
2231 7276 3590
15
3147 3591 2625 7431 5731 7799 874 8490 4569 6351 1527 9897 6752 1023 4735
5030 4177 4507 5515 3211 1547 584 8859 2162 4445 6184 5758 1845 4395 3489
15
865 3035 8385 6855 8594 2447 8753 9432 3377 2570 40 1208 8996 1440 4904
2308 9317 86 8670 6090 675 6299 7740 2868 6651 3802 3815 553 7295 1705
1
1146
2019
13
2673 1623 7946 9577 7722 4408 2504 1170 7253 5865 150 3205 9301
7297 1299 2314 375 2230 8013 7 4981 3416 7101 8208 9785 8692
8
2731 6848 3101 7273 9433 3310 3964 9740
1869 5257 6754 5633 4090 1903 4263 9638
17
8927 7943 5216 1179 5718 4294 7381 9532 6510 1366 9746 9596 5503 6190 161 8419 928
985 8255 2893 2942 4176 5388 6268 5702 2795 4366 3757 2462 8362 1924 391 4647 3243
14
367 1065 1072 5853 8268 6185 832 3202 7576 7410 809 7652 709 6056
5541 7494 6896 8613 8449 6662 5148 7417 4236 8381 1903 5676 9131 7687
2
6210 942
6008 5208
8
1873 7658 1523 7143 469 8017 6143 5143
6074 789 5599 3363 6519 5865 4663 1523
6
8840 3311 5506 4596 1486 7194
4160 4131 6470 5751 7128 3542
7
3363 9485 5286 9284 5994 2289 8754
3245 7711 229 3342 5748 3937 3753
14
7624 820 4497 340 3210 5132 3804 4707 7145 7004 300 8800 3966 3942
4417 9696 8127 6670 6100 8958 5852 981 2867 1643 9980 7604 2701 711
15
7000 2970 1208 7051 9385 2022 9978 2307 1250 8556 2394 4425 5997 7505 1799
907 4511 8600 7259 4922 9166 7986 3019 4152 3777 9627 384 7875 1835 345
15
299 108 5737 9988 9161 7038 4179 5859 2399 7922 5795 3792 2074 5832 2175
3113 2736 8446 6234 5542 4198 3621 2281 4748 9676 9945 3925 509 9128 247
3
494 5535 4063
1048 7380 9369
11
2942 9635 6321 3387 4519 9548 3504 6782 9830 5905 1940
9925 52 5950 3079 7374 1553 5059 3625 7577 2636 2267
2
7945 2195
5506 3795
9
6155 8588 9692 3699 6193 5597 1273 4898 1912
2395 1209 1412 1414 5415 3355 8529 4400 4384
6
3207 1529 1131 1661 4821 7862
431 6405 6743 350 1163 4492
9
6768 5598 6753 9563 1650 3838 5676 5342 1466
7615 5454 1089 1702 1007 2992 4690 4271 3873
1
1400
8541
6
8459 183 5228 4997 7288 9913
2683 5786 8376 9238 6486 4942
4
7049 8133 3369 9757
118 6542 2761 9012
14
2015 4596 9430 1319 4886 6762 4244 1112 6 7054 1102 9850 8907 2136
6209 3456 7453 9426 1570 8738 1760 4667 5743 1783 5578 4548 1324 9822
4
8886 1213 2205 6587
3700 5678 3137 5887
1
1878
7279
3
9888 1776 6523
4848 1429 3950
13
4693 3435 7235 9398 6605 7486 9934 1251 215 6658 3530 7740 5583
6136 6145 5115 166 1604 2315 943 1591 8385 401 839 726 9032
13
3444 1705 6935 6432 2721 4616 85 6937 5947 9562 5356 8341 3700
5128 394 7588 4984 4837 631 6502 8156 7971 3416 4687 7225 3886
11
1852 6987 4236 3306 6484 9207 6262 4328 593 727 6253
77 965 4281 1535 2605 2196 1694 753 5228 293 7512
4
2226 3337 7863 9397
4091 284 855 1421
5
6347 6965 3493 7799 1103
7565 7725 6932 8859 7731
14
1193 7936 1682 8431 1590 1375 3753 3744 9257 1055 6006 4015 1325 1281
5465 6818 4643 8678 5852 5476 4118 7364 4658 3684 741 4396 1526 9874
2
8479 5138
2196 2927
2
9067 756
6759 3677
9
82 941 1322 4270 291 9113 5509 806 8250
2149 6931 2829 9485 2877 3394 7783 8942 9668
6
2733 9656 1715 2215 816 5056
7150 5453 1952 3825 7252 8989
2
9972 3597
498 6322
14
3008 1796 7022 843 2837 4774 8604 5117 3898 9575 1676 4161 9036 9794
6675 2741 2237 8509 7376 4770 2184 1828 6864 8363 8926 4542 1725 952
4
9371 9078 1887 8584
2075 4220 7238 2018
17
6862 8963 3041 2650 7484 7364 3340 5788 3411 2060 5328 5004 9639 8143 3997 783 8892
8901 6177 8146 6575 2182 2369 2003 2255 3785 1053 2526 3902 4030 3244 7784 6641 6205
3
5233 8004 4623
385 6332 2353
2
4114 8787
2428 5560
15
4904 8945 6818 1323 3391 8417 3558 3688 8052 7944 1679 4965 9486 6866 3862
3844 2957 6397 4381 6569 2683 4929 9297 3913 4615 6887 8649 3003 8744 3618
6
4022 9129 8883 5507 2357 7593
5146 5692 7304 4784 731 142
15
1736 8485 4173 2036 8641 3856 3479 2003 2082 6763 9528 7593 3289 1770 8127
7011 9379 4395 6956 4765 370 4693 8604 1632 7315 9619 3514 3060 9729 6012
8
9443 6185 7270 6716 7823 1477 4121 3096
6849 9761 6663 722 2110 8824 8847 2748
4
1062 6978 4713 4227
9049 5286 8065 6652
10
4014 6676 124 5877 9592 2941 9841 3571 1836 6896
7354 3657 6433 882 3551 6649 8214 6155 4768 4014
12
6049 5339 4971 5960 44 5236 3015 6403 3063 106 2907 3685
9370 7010 6466 8957 896 2309 3073 9244 7246 9706 3874 6803
4
5476 9735 1112 2299
219 3979 5971 6329
11
2066 3221 916 4932 9849 2636 8847 6070 8835 1801 3802
2367 1575 6029 4742 4585 8344 7465 7507 5891 9945 2596
1
7329
2437
11
6452 882 9649 4829 9108 6214 1464 1296 8301 8902 7521
1652 3061 6483 6176 4524 1869 3478 8386 2715 9229 6119
15
1412 5190 4077 4794 7586 8308 1119 1055 1844 8928 2349 9245 4228 6849 8052
8615 9416 5157 1833 5671 5694 6888 3514 1387 2090 4086 4794 3349 5595 8752
9
4963 8875 7733 9878 326 3992 8027 128 1238
6298 6217 63 8283 5205 6493 9173 1915 3526
