100
8
110 873 859 345 36 292 822 121
262 108 339 326 840 390 789 557
13
872 782 99 533 439 705 410 754 275 878 687 255 116
643 508 951 117 924 274 328 425 548 680 536 326 819
3
248 226 517
869 168 514
8
97 268 688 358 18 472 548 635
514 49 615 60 254 806 292 916
3
773 397 679
520 403 850
11
866 378 249 984 914 803 882 812 0 923 476
726 332 870 791 797 412 739 688 134 314 951
8
404 43 656 335 450 135 232 65
770 772 126 45 893 196 157 896
10
356 204 581 828 127 298 209 321 688 811
973 283 579 259 287 269 285 632 111 945
12
302 418 250 103 828 740 274 353 847 269 352 150
962 4 24 906 58 634 880 79 760 466 56 699
13
257 430 786 931 655 761 187 339 451 674 15 464 803
364 407 186 473 92 862 756 840 856 103 14 284 542
1
558
868
12
279 541 438 621 15 583 190 524 528 878 251 112
272 517 746 150 720 362 516 711 879 556 275 720
13
690 99 532 568 784 133 476 337 844 322 916 34 690
665 196 343 614 856 828 142 878 556 864 41 600 819
9
395 323 819 899 279 332 765 693 764
1000 753 80 406 571 871 556 54 255
1
99
704
15
246 307 322 585 941 751 926 949 105 768 323 593 639 827 766
60 790 876 992 864 330 394 616 739 36 26 506 579 591 477
6
802 443 177 153 998 194
821 475 435 625 772 578
3
445 150 72
536 596 840
9
988 811 794 722 451 962 523 971 547
380 794 184 856 366 518 155 683 781
4
369 705 422 419
690 504 553 518
16
542 15 985 469 69 870 473 232 771 547 240 86 898 429 275 370
519 305 283 790 29 679 652 718 411 599 151 122 41 512 632 798
10
829 701 620 591 562 832 719 709 403 164
567 714 989 84 541 315 299 582 958 860
9
195 796 880 523 983 420 973 852 797
439 126 863 832 805 430 273 257 696
7
463 652 855 458 504 370 373
71 679 675 925 611 190 710
1
70
261
1
194
711
9
39 986 116 162 557 38 340 678 193
487 492 867 326 76 314 870 930 277
9
194 377 780 115 266 706 870 182 555
746 981 629 446 318 846 528 234 842
10
125 363 217 196 657 811 537 604 565 68
418 960 318 345 244 111 636 124 265 695
13
125 713 244 695 519 985 441 875 841 325 68 159 64
30 485 129 825 522 835 248 663 590 666 880 858 759
8
796 811 128 975 887 75 421 856
746 709 291 983 835 181 40 224
3
723 693 418
312 560 507
3
781 16 692
620 679 311
5
851 932 239 5 58
563 66 487 146 295
14
185 77 846 786 946 496 139 585 105 250 725 85 249 401
884 988 756 816 815 704 926 701 41 262 985 801 744 428
16
208 882 676 708 487 57 584 45 915 626 951 468 366 862 356 440
454 556 39 368 599 14 504 73 651 657 319 754 729 196 660 99
15
400 493 603 828 5 626 394 376 927 837 273 776 530 68 626
884 18 723 747 613 643 747 820 976 83 741 654 320 787 200
9
303 475 390 41 938 759 339 895 82
213 527 238 542 141 16 844 151 705
9
162 943 143 671 57 552 996 518 719
268 607 544 587 350 987 635 770 950
14
877 528 261 391 833 791 138 836 984 69 499 379 973 743
774 299 609 998 881 935 481 13 415 559 180 977 808 398
12
317 23 20 523 806 814 965 905 777 766 851 11
146 525 186 390 254 918 761 652 537 329 842 574
6
446 221 503 161 418 712
364 414 636 694 900 750
17
884 821 726 978 734 853 122 625 247 589 794 934 372 127 15 131 854
213 67 169 671 806 158 837 487 145 648 935 657 78 861 166 959 787
17
972 895 631 988 712 461 685 465 107 151 118 377 682 267 642 76 262
262 542 892 637 404 394 424 420 510 806 404 291 23 850 223 299 679
10
487 248 42 631 25 187 558 849 988 37
871 219 835 817 85 63 789 493 793 555
2
991 866
1 81
5
122 766 545 806 641
884 275 302 869 750
11
966 379 863 658 867 48 855 795 485 405 631
998 28 579 717 389 7 729 761 755 124 270
3
543 119 656
733 754 636
2
833 935
437 932
5
347 522 479 157 761
830 284 856 521 174
2
864 186
519 65
2
95 403
759 468
9
530 61 235 338 497 153 15 345 456
56 907 459 653 529 19 67 141 675
6
291 23 141 897 522 68
61 753 608 618 887 265
3
453 544 206
622 395 197
12
232 292 629 643 727 109 52 335 473 299 193 701
609 936 628 955 953 660 511 457 497 192 867 25
9
904 867 893 885 143 860 873 705 763
110 992 108 781 135 672 716 866 178
17
580 53 437 320 212 81 530 225 260 17 971 494 946 167 701 993 243
145 352 675 684 919 120 889 497 185 286 671 385 638 135 450 171 678
1
899
832
10
280 568 966 361 487 343 74 460 925 838
785 995 377 483 398 267 442 50 386 879
6
681 277 593 894 322 37
212 715 19 611 976 652
15
173 416 874 47 104 634 123 24 852 492 795 224 66 56 935
682 170 750 648 958 452 632 978 237 114 450 435 316 12 795
32
220 154 926 115 793 527 967 94 876 494 782 423 597 169 493 833 220 154 926 115 793 527 967 94 876 494 782 423 597 169 493 833
767 640 710 90 84 184 298 78 993 495 467 94 36 94 402 880 767 640 710 90 84 184 298 78 993 495 467 94 36 94 402 880
14
569 953 416 652 716 928 40 390 87 959 427 114 803 310
552 991 516 467 475 718 135 496 925 693 19 131 794 828
8
632 507 622 522 132 901 400 375
467 918 362 363 543 841 107 683
14
84 349 596 815 148 652 749 43 115 328 644 755 415 69
441 175 193 934 575 159 378 955 855 156 317 58 726 541
2
640 51
839 345
2
905 495
293 548
10
659 417 440 718 735 872 342 552 861 14
45 307 510 929 979 740 458 598 785 261
11
840 613 843 195 330 876 422 768 193 429 456
918 422 200 777 30 666 883 485 896 536 355
2
251 972
494 957
9
737 101 426 847 904 160 766 895 634
365 171 629 400 663 941 386 703 794
15
864 207 775 710 617 974 49 960 625 327 404 975 970 610 527
255 563 147 512 81 765 722 145 597 922 625 902 72 822 627
2
986 549
188 233
13
620 723 671 213 405 487 748 239 516 403 391 572 753
782 305 178 978 474 9 571 796 669 639 689 67 43
10
248 367 540 189 507 864 409 976 603 61
825 775 343 449 613 30 132 518 876 48
16
684 944 969 942 251 271 193 761 69 970 601 63 247 270 750 107
334 724 935 250 669 957 658 852 348 96 750 387 974 409 682 822
6
774 203 869 869 90 817
260 127 649 429 73 352
11
135 998 345 691 549 175 543 244 664 523 758
129 125 174 273 831 420 930 204 940 819 234
4
245 824 174 207
276 332 582 432
3
479 380 443
674 106 902
3
896 274 370
857 573 752
14
526 544 182 514 841 995 569 92 741 737 591 959 461 119
416 390 868 999 494 328 763 131 495 902 744 927 489 816
5
28 647 710 20 447
282 518 682 693 461
15
634 796 519 759 797 15 0 591 388 303 16 408 60 963 293
295 623 537 26 757 516 6 230 788 842 243 329 52 679 917
17
891 734 946 292 54 10 286 441 672 934 0 169 909 300 18 303 32
358 498 560 819 381 46 517 466 210 866 952 895 119 855 259 470 514
12
690 997 637 952 163 635 130 898 896 872 94 501
927 472 909 533 665 981 114 511 517 469 985 47
1
324
665
9
909 764 437 78 960 377 387 739 445
112 9 317 884 898 806 321 527 175
14
0 904 769 72 759 352 965 759 75 17 712 899 624 942
959 907 414 908 568 834 466 966 177 219 81 667 542 246
14
833 452 687 722 32 486 284 483 698 963 402 176 511 618
203 185 866 958 9 614 184 28 788 46 664 9 281 106
9
324 273 891 250 671 106 767 762 790
279 404 300 139 855 288 78 600 316
9
21 551 247 262 458 87 668 696 98
335 804 341 988 646 735 228 758 694
17
424 89 581 161 191 349 174 225 79 124 734 660 266 73 152 857 618
310 340 68 529 777 866 648 440 150 752 383 880 103 464 981 401 841
13
403 726 963 478 802 332 818 738 163 34 632 149 534
267 269 528 990 167 379 706 831 854 130 173 950 768
11
465 715 666 599 898 613 758 393 10 441 642
71 337 169 709 962 900 753 623 498 755 193
14
782 953 303 925 654 757 293 420 825 188 504 88 608 304
457 402 233 415 110 593 338 931 401 625 483 363 87 499
13
168 193 575 660 128 90 775 431 254 766 455 982 94
503 729 148 26 20 461 125 761 711 573 763 943 496
8
267 275 364 789 306 522 301 1
319 692 444 154 625 232 513 204
