1
18
93 42 98 31 142 90 181 160 186 10 130 5 125 47 134 169 114 61
57
15 14 54
8 2 70
18 15 36
18 16 59
16 16 42
15 14 64
15 12 1
13 10 96
7 1 27
13 11 11
18 2 95
14 11 52
6 1 26
11 10 66
17 13 91
16 15 66
15 2 55
18 15 15
9 0 14
16 15 47
11 0 87
18 0 78
11 9 85
17 8 96
18 11 73
10 2 20
18 13 39
15 10 81
14 10 96
3 1 80
16 7 48
18 16 1
11 8 40
13 8 35
18 9 6
13 6 58
13 12 29
7 0 38
12 10 55
12 6 80
13 13 50
15 15 8
15 14 65
16 14 41
17 14 74
17 17 79
3 1 68
18 18 37
17 13 93
3 2 51
18 15 88
16 16 79
14 0 52
14 13 3
17 17 45
10 2 33
13 8 72
